 5.0000e+01  0.0000e+00 1  0.0000e+00  0.0000e+00  0.0000e+00  0.0000e+00
 3.5714e+01  0.0000e+00 1  0.0000e+00  0.0000e+00  0.0000e+00  0.0000e+00
 2.7778e+01  0.0000e+00 1  7.3441e+00 -1.1586e+00  2.9422e+00 -6.7290e+00
 2.2727e+01  0.0000e+00 1  2.8664e+00 -1.4567e+00  3.2634e-01 -2.8478e+00
 1.9231e+01  0.0000e+00 1  1.8610e+00 -1.5094e+00  1.1423e-01 -1.8575e+00
 1.6667e+01  0.0000e+00 1  1.4163e+00 -1.5286e+00  5.9813e-02 -1.4151e+00
 1.4706e+01  0.0000e+00 1  1.1632e+00 -1.5361e+00  4.0359e-02 -1.1625e+00
 1.3158e+01  0.0000e+00 1  9.9334e-01 -1.5368e+00  3.3743e-02 -9.9277e-01
 1.1905e+01  0.0000e+00 1  8.6624e-01 -1.5307e+00  3.4716e-02 -8.6554e-01
 1.0870e+01  0.0000e+00 1  7.6319e-01 -1.5160e+00  4.1768e-02 -7.6205e-01
 1.0000e+01  0.0000e+00 1  6.7468e-01 -1.4906e+00  5.4027e-02 -6.7251e-01
 9.2593e+00  0.0000e+00 1  5.9529e-01 -1.4531e+00  6.9879e-02 -5.9117e-01
 8.6207e+00  0.0000e+00 1  5.2148e-01 -1.4050e+00  8.6062e-02 -5.1433e-01
 8.0645e+00  0.0000e+00 1  4.5172e-01 -1.3518e+00  9.8124e-02 -4.4094e-01
 7.5758e+00  0.0000e+00 1  3.8640e-01 -1.3047e+00  1.0161e-01 -3.7280e-01
 7.1429e+00  0.0000e+00 1  3.2679e-01 -1.2672e+00  9.7705e-02 -3.1184e-01
 6.7568e+00  0.0000e+00 1  2.7348e-01 -1.2365e+00  8.9717e-02 -2.5834e-01
 6.4103e+00  0.0000e+00 1  2.2674e-01 -1.2156e+00  7.8852e-02 -2.1259e-01
 6.0976e+00  0.0000e+00 1  1.8666e-01 -1.2068e+00  6.6459e-02 -1.7443e-01
 5.8140e+00  0.0000e+00 1  1.5295e-01 -1.2115e+00  5.3785e-02 -1.4318e-01
 5.5556e+00  0.0000e+00 1  1.2503e-01 -1.2302e+00  4.1760e-02 -1.1785e-01
 5.3191e+00  0.0000e+00 1  1.0224e-01 -1.2630e+00  3.0975e-02 -9.7439e-02
 5.1020e+00  0.0000e+00 1  8.3693e-02 -1.3090e+00  2.1662e-02 -8.0841e-02
 4.9020e+00  0.0000e+00 1  6.8630e-02 -1.3674e+00  1.3864e-02 -6.7215e-02
 4.7170e+00  0.0000e+00 1  5.6388e-02 -1.4373e+00  7.5080e-03 -5.5886e-02
 4.5455e+00  0.0000e+00 1  4.6399e-02 -1.5176e+00  2.4664e-03 -4.6333e-02
 4.3860e+00  0.0000e+00 1  3.8195e-02 -1.6068e+00 -1.3758e-03 -3.8170e-02
 4.2373e+00  0.0000e+00 1  3.1315e-02 -1.7039e+00 -4.1565e-03 -3.1038e-02
 4.0984e+00  0.0000e+00 1  2.5325e-02 -1.8067e+00 -5.9183e-03 -2.4624e-02
 3.9683e+00  0.0000e+00 1  1.9576e-02 -1.9084e+00 -6.4843e-03 -1.8471e-02
 3.8462e+00  0.0000e+00 1  1.1879e-02 -1.9507e+00 -4.4053e-03 -1.1032e-02
 3.7313e+00  0.0000e+00 1  6.9686e-02 -1.8491e-01  6.8498e-02 -1.2813e-02
 3.6232e+00  0.0000e+00 1  2.3319e-02 -2.3299e+00 -1.6049e-02 -1.6917e-02
 3.5211e+00  0.0000e+00 1  1.6872e-02 -2.4743e+00 -1.3253e-02 -1.0441e-02
 3.4247e+00  0.0000e+00 1  1.3678e-02 -2.6184e+00 -1.1848e-02 -6.8343e-03
 3.3333e+00  0.0000e+00 1  1.1465e-02 -2.7671e+00 -1.0670e-02 -4.1941e-03
 3.2468e+00  0.0000e+00 1  9.7558e-03 -2.9197e+00 -9.5166e-03 -2.1473e-03
 3.1646e+00  0.0000e+00 1  8.3662e-03 -3.0769e+00 -8.3487e-03 -5.4094e-04
 3.0864e+00  0.0000e+00 1  7.2067e-03  3.0445e+00 -7.1728e-03  6.9836e-04
 3.0120e+00  0.0000e+00 1  6.2234e-03  2.8782e+00 -6.0088e-03  1.6203e-03
 2.9412e+00  0.0000e+00 1  5.3805e-03  2.7071e+00 -4.8806e-03  2.2649e-03
 2.8736e+00  0.0000e+00 1  4.6512e-03  2.5318e+00 -3.8130e-03  2.6636e-03
 2.8090e+00  0.0000e+00 1  4.0176e-03  2.3511e+00 -2.8264e-03  2.8552e-03
 2.7473e+00  0.0000e+00 1  3.4655e-03  2.1643e+00 -1.9382e-03  2.8728e-03
 2.6882e+00  0.0000e+00 1  2.9837e-03  1.9707e+00 -1.1618e-03  2.7483e-03
 2.6316e+00  0.0000e+00 1  2.5637e-03  1.7694e+00 -5.0588e-04  2.5133e-03
 2.5773e+00  0.0000e+00 1  2.1974e-03  1.5604e+00  2.2760e-05  2.1973e-03
 2.5253e+00  0.0000e+00 1  1.8801e-03  1.3416e+00  4.2712e-04  1.8310e-03
 2.4752e+00  0.0000e+00 1  1.6072e-03  1.1118e+00  7.1210e-04  1.4408e-03
 2.4272e+00  0.0000e+00 1  1.3745e-03  8.6983e-01  8.8649e-04  1.0504e-03
 2.3810e+00  0.0000e+00 1  1.1784e-03  6.1504e-01  9.6243e-04  6.7991e-04
 2.3364e+00  0.0000e+00 1  1.0143e-03  3.4871e-01  9.5329e-04  3.4658e-04
 2.2936e+00  0.0000e+00 1  8.7976e-04  7.0504e-02  8.7757e-04  6.1975e-05
 2.2523e+00  0.0000e+00 1  7.7082e-04 -2.1735e-01  7.5268e-04 -1.6622e-04
 2.2124e+00  0.0000e+00 1  6.8345e-04 -5.1142e-01  5.9601e-04 -3.3449e-04
 2.1739e+00  0.0000e+00 1  6.1340e-04 -8.0758e-01  4.2401e-04 -4.4326e-04
 2.1368e+00  0.0000e+00 1  5.5570e-04 -1.1007e+00  2.5173e-04 -4.9541e-04
 2.1008e+00  0.0000e+00 1  5.0736e-04 -1.3889e+00  9.1787e-05 -4.9899e-04
 2.0661e+00  0.0000e+00 1  4.6519e-04 -1.6704e+00 -4.6247e-05 -4.6289e-04
 2.0325e+00  0.0000e+00 1  4.2678e-04 -1.9446e+00 -1.5586e-04 -3.9730e-04
 2.0000e+00  0.0000e+00 1  3.9044e-04 -2.2122e+00 -2.3361e-04 -3.1285e-04
 1.9685e+00  0.0000e+00 1  3.5472e-04 -2.4732e+00 -2.7840e-04 -2.1982e-04
 5.0000e+01  0.0000e+00 2  0.0000e+00  0.0000e+00  0.0000e+00  0.0000e+00
 3.5714e+01  0.0000e+00 2  0.0000e+00  0.0000e+00  0.0000e+00  0.0000e+00
 2.7778e+01  0.0000e+00 2  4.8566e-17 -1.7732e+00 -9.7619e-18 -4.7575e-17
 2.2727e+01  0.0000e+00 2  5.7924e-18 -2.3310e+00 -3.9913e-18 -4.1978e-18
 1.9231e+01  0.0000e+00 2  2.2495e-18 -2.3820e+00 -1.6311e-18 -1.5490e-18
 1.6667e+01  0.0000e+00 2  1.2860e-18 -2.3634e+00 -9.1589e-19 -9.0274e-19
 1.4706e+01  0.0000e+00 2  9.0135e-19 -2.3327e+00 -6.2217e-19 -6.5218e-19
 1.3158e+01  0.0000e+00 2  7.0904e-19 -2.3029e+00 -4.7395e-19 -5.2736e-19
 1.1905e+01  0.0000e+00 2  5.9079e-19 -2.2593e+00 -3.7538e-19 -4.5621e-19
 1.0870e+01  0.0000e+00 2  5.0831e-19 -2.2033e+00 -3.0048e-19 -4.0999e-19
 1.0000e+01  0.0000e+00 2  4.4616e-19 -2.1450e+00 -2.4235e-19 -3.7460e-19
 9.2593e+00  0.0000e+00 2  3.9607e-19 -2.0837e+00 -1.9437e-19 -3.4510e-19
 8.6207e+00  0.0000e+00 2  3.3668e-19 -1.9315e+00 -1.1882e-19 -3.1501e-19
 8.0645e+00  0.0000e+00 2  2.8442e-19 -1.6585e+00 -2.4914e-20 -2.8333e-19
 7.5758e+00  0.0000e+00 2  2.5508e-19 -1.6973e+00 -3.2182e-20 -2.5304e-19
 7.1429e+00  0.0000e+00 2  2.2321e-19 -1.6928e+00 -2.7157e-20 -2.2156e-19
 6.7568e+00  0.0000e+00 2  1.9107e-19 -1.6313e+00 -1.1559e-20 -1.9072e-19
 6.4103e+00  0.0000e+00 2  1.6295e-19 -1.6352e+00 -1.0490e-20 -1.6261e-19
 6.0976e+00  0.0000e+00 2  1.3842e-19 -1.6253e+00 -7.5429e-21 -1.3822e-19
 5.8140e+00  0.0000e+00 2  1.1727e-19 -1.6365e+00 -7.6969e-21 -1.1702e-19
 5.5556e+00  0.0000e+00 2  9.9421e-20 -1.6497e+00 -7.8408e-21 -9.9111e-20
 5.3191e+00  0.0000e+00 2  8.4791e-20 -1.6818e+00 -9.3903e-21 -8.4270e-20
 5.1020e+00  0.0000e+00 2  7.2787e-20 -1.7212e+00 -1.0908e-20 -7.1965e-20
 4.9020e+00  0.0000e+00 2  6.3097e-20 -1.7722e+00 -1.2620e-20 -6.1822e-20
 4.7170e+00  0.0000e+00 2  5.5420e-20 -1.8338e+00 -1.4407e-20 -5.3514e-20
 4.5455e+00  0.0000e+00 2  4.9682e-20 -1.9109e+00 -1.6573e-20 -4.6836e-20
 4.3860e+00  0.0000e+00 2  4.5662e-20 -1.9909e+00 -1.8623e-20 -4.1692e-20
 4.2373e+00  0.0000e+00 2  4.3819e-20 -2.0891e+00 -2.1708e-20 -3.8064e-20
 4.0984e+00  0.0000e+00 2  4.5041e-20 -2.2007e+00 -2.6533e-20 -3.6396e-20
 3.9683e+00  0.0000e+00 2  5.3084e-20 -2.3349e+00 -3.6729e-20 -3.8325e-20
 3.8462e+00  0.0000e+00 2  9.0878e-20 -2.5282e+00 -7.4311e-20 -5.2313e-20
 3.7313e+00  0.0000e+00 2  3.5637e-18  1.5220e+00  1.7366e-19  3.5595e-18
 3.6232e+00  0.0000e+00 2  1.9239e-20  7.9904e-01  1.3417e-20  1.3788e-20
 3.5211e+00  0.0000e+00 2  8.1169e-21  5.3281e-01  6.9918e-21  4.1230e-21
 3.4247e+00  0.0000e+00 2  3.3590e-21  3.7206e-01  3.1292e-21  1.2211e-21
 3.3333e+00  0.0000e+00 2  1.1359e-21  2.5690e-01  1.0986e-21  2.8861e-22
 3.2468e+00  0.0000e+00 2  8.0729e-23  1.3737e+00  1.5811e-23  7.9166e-23
 3.1646e+00  0.0000e+00 2  5.6882e-22  2.8835e+00 -5.4999e-22  1.4517e-22
 3.0864e+00  0.0000e+00 2  8.6139e-22  2.7745e+00 -8.0399e-22  3.0918e-22
 3.0120e+00  0.0000e+00 2  9.9240e-22  2.6273e+00 -8.6403e-22  4.8817e-22
 2.9412e+00  0.0000e+00 2  1.0288e-21  2.4675e+00 -8.0378e-22  6.4221e-22
 2.8736e+00  0.0000e+00 2  1.0084e-21  2.2996e+00 -6.7160e-22  7.5224e-22
 2.8090e+00  0.0000e+00 2  9.5632e-22  2.1252e+00 -5.0340e-22  8.1310e-22
 2.7473e+00  0.0000e+00 2  8.8680e-22  1.9440e+00 -3.2329e-22  8.2577e-22
 2.6882e+00  0.0000e+00 2  8.0896e-22  1.7555e+00 -1.4857e-22  7.9520e-22
 2.6316e+00  0.0000e+00 2  7.2873e-22  1.5590e+00  8.5834e-24  7.2868e-22
 2.5773e+00  0.0000e+00 2  6.4950e-22  1.3543e+00  1.3952e-22  6.3434e-22
 2.5253e+00  0.0000e+00 2  5.7444e-22  1.1396e+00  2.4009e-22  5.2186e-22
 2.4752e+00  0.0000e+00 2  5.0520e-22  9.1375e-01  3.0856e-22  4.0002e-22
 2.4272e+00  0.0000e+00 2  4.4282e-22  6.7568e-01  3.4553e-22  2.7696e-22
 2.3810e+00  0.0000e+00 2  3.8789e-22  4.2467e-01  3.5344e-22  1.5982e-22
 2.3364e+00  0.0000e+00 2  3.4026e-22  1.6178e-01  3.3581e-22  5.4807e-23
 2.2936e+00  0.0000e+00 2  3.0009e-22 -1.1306e-01  2.9818e-22 -3.3858e-23
 2.2523e+00  0.0000e+00 2  2.6690e-22 -3.9765e-01  2.4607e-22 -1.0336e-22
 2.2124e+00  0.0000e+00 2  2.3985e-22 -6.8856e-01  1.8520e-22 -1.5241e-22
 2.1739e+00  0.0000e+00 2  2.1789e-22 -9.8166e-01  1.2107e-22 -1.8116e-22
 2.1368e+00  0.0000e+00 2  1.9957e-22 -1.2719e+00  5.8760e-23 -1.9073e-22
 2.1008e+00  0.0000e+00 2  1.8405e-22 -1.5574e+00  2.4661e-24 -1.8403e-22
 2.0661e+00  0.0000e+00 2  1.7031e-22 -1.8362e+00 -4.4674e-23 -1.6434e-22
 2.0325e+00  0.0000e+00 2  1.5757e-22 -2.1079e+00 -8.0614e-23 -1.3538e-22
 2.0000e+00  0.0000e+00 2  1.4527e-22 -2.3729e+00 -1.0443e-22 -1.0100e-22
 1.9685e+00  0.0000e+00 2  1.3293e-22 -2.6315e+00 -1.1601e-22 -6.4899e-23
 5.0000e+01  0.0000e+00 3  0.0000e+00  0.0000e+00  0.0000e+00  0.0000e+00
 3.5714e+01  0.0000e+00 3  0.0000e+00  0.0000e+00  0.0000e+00  0.0000e+00
 2.7778e+01  0.0000e+00 3  6.5625e-03  9.5156e-03  6.5622e-03  6.2445e-05
 2.2727e+01  0.0000e+00 3  5.7673e-03  1.2609e-02  5.7668e-03  7.2716e-05
 1.9231e+01  0.0000e+00 3  4.8919e-03  1.6379e-02  4.8912e-03  8.0121e-05
 1.6667e+01  0.0000e+00 3  3.9933e-03  2.0956e-02  3.9925e-03  8.3677e-05
 1.4706e+01  0.0000e+00 3  3.1404e-03  2.6315e-02  3.1394e-03  8.2632e-05
 1.3158e+01  0.0000e+00 3  2.3890e-03  3.2360e-02  2.3878e-03  7.7296e-05
 1.1905e+01  0.0000e+00 3  1.7645e-03  3.8988e-02  1.7632e-03  6.8778e-05
 1.0870e+01  0.0000e+00 3  1.2672e-03  4.6233e-02  1.2658e-03  5.8565e-05
 1.0000e+01  0.0000e+00 3  8.8379e-04  5.4293e-02  8.8249e-04  4.7960e-05
 9.2593e+00  0.0000e+00 3  5.9890e-04  6.3345e-02  5.9769e-04  3.7912e-05
 8.6207e+00  0.0000e+00 3  3.9286e-04  7.3833e-02  3.9179e-04  2.8980e-05
 8.0645e+00  0.0000e+00 3  2.4904e-04  8.6197e-02  2.4812e-04  2.1440e-05
 7.5758e+00  0.0000e+00 3  1.5232e-04  1.0101e-01  1.5155e-04  1.5361e-05
 7.1429e+00  0.0000e+00 3  8.9718e-05  1.1913e-01  8.9082e-05  1.0663e-05
 6.7568e+00  0.0000e+00 3  5.1036e-05  1.4150e-01  5.0525e-05  7.1974e-06
 6.4103e+00  0.0000e+00 3  2.7772e-05  1.7087e-01  2.7367e-05  4.7224e-06
 6.0976e+00  0.0000e+00 3  1.4300e-05  2.1265e-01  1.3978e-05  3.0180e-06
 5.8140e+00  0.0000e+00 3  6.8063e-06  2.8046e-01  6.5404e-06  1.8840e-06
 5.5556e+00  0.0000e+00 3  2.8409e-06  4.1780e-01  2.5965e-06  1.1527e-06
 5.3191e+00  0.0000e+00 3  9.5638e-07  8.1718e-01  6.5443e-07  6.9741e-07
 5.1020e+00  0.0000e+00 3  4.7261e-07  2.0607e+00 -2.2237e-07  4.1702e-07
 4.9020e+00  0.0000e+00 3  5.9102e-07  2.7104e+00 -5.3691e-07  2.4704e-07
 4.7170e+00  0.0000e+00 3  5.9155e-07  2.8938e+00 -5.7348e-07  1.4507e-07
 4.5455e+00  0.0000e+00 3  4.9689e-07  2.9711e+00 -4.8969e-07  8.4314e-08
 4.3860e+00  0.0000e+00 3  3.7320e-07  3.0109e+00 -3.7001e-07  4.8653e-08
 4.2373e+00  0.0000e+00 3  2.5822e-07  3.0342e+00 -2.5673e-07  2.7689e-08
 4.0984e+00  0.0000e+00 3  1.6689e-07  3.0476e+00 -1.6616e-07  1.5656e-08
 3.9683e+00  0.0000e+00 3  1.0197e-07  3.0513e+00 -1.0155e-07  9.1944e-09
 3.8462e+00  0.0000e+00 3  6.0812e-08  3.0260e+00 -6.0406e-08  7.0154e-09
 3.7313e+00  0.0000e+00 3  5.7021e-08  2.1740e+00 -3.2349e-08  4.6957e-08
 3.6232e+00  0.0000e+00 3  1.2255e-08 -2.9604e+00 -1.2055e-08 -2.2080e-09
 3.5211e+00  0.0000e+00 3  6.3502e-09 -2.9341e+00 -6.2140e-09 -1.3080e-09
 3.4247e+00  0.0000e+00 3  3.0469e-09 -2.7952e+00 -2.8659e-09 -1.0346e-09
 3.3333e+00  0.0000e+00 3  1.5274e-09 -2.5440e+00 -1.2627e-09 -8.5947e-10
 3.2468e+00  0.0000e+00 3  9.1676e-10 -2.2461e+00 -5.7313e-10 -7.1552e-10
 3.1646e+00  0.0000e+00 3  6.6141e-10 -2.0375e+00 -2.9760e-10 -5.9067e-10
 3.0864e+00  0.0000e+00 3  5.2218e-10 -1.9677e+00 -2.0188e-10 -4.8158e-10
 3.0120e+00  0.0000e+00 3  4.2485e-10 -2.0016e+00 -1.7742e-10 -3.8603e-10
 2.9412e+00  0.0000e+00 3  3.5016e-10 -2.1002e+00 -1.7682e-10 -3.0223e-10
 2.8736e+00  0.0000e+00 3  2.9154e-10 -2.2378e+00 -1.8037e-10 -2.2905e-10
 2.8090e+00  0.0000e+00 3  2.4478e-10 -2.4000e+00 -1.8049e-10 -1.6535e-10
 2.7473e+00  0.0000e+00 3  2.0696e-10 -2.5782e+00 -1.7498e-10 -1.1052e-10
 2.6882e+00  0.0000e+00 3  1.7589e-10 -2.7683e+00 -1.6377e-10 -6.4143e-11
 2.6316e+00  0.0000e+00 3  1.4998e-10 -2.9682e+00 -1.4773e-10 -2.5873e-11
 2.5773e+00  0.0000e+00 3  1.2811e-10  3.1066e+00 -1.2803e-10  4.4857e-12
 2.5253e+00  0.0000e+00 3  1.0958e-10  2.8880e+00 -1.0608e-10  2.7487e-11
 2.4752e+00  0.0000e+00 3  9.3877e-11  2.6584e+00 -8.3129e-11  4.3618e-11
 2.4272e+00  0.0000e+00 3  8.0631e-11  2.4166e+00 -6.0351e-11  5.3470e-11
 2.3810e+00  0.0000e+00 3  6.9550e-11  2.1619e+00 -3.8760e-11  5.7748e-11
 2.3364e+00  0.0000e+00 3  6.0332e-11  1.8956e+00 -1.9256e-11  5.7177e-11
 2.2936e+00  0.0000e+00 3  5.2808e-11  1.6175e+00 -2.4659e-12  5.2751e-11
 2.2523e+00  0.0000e+00 3  4.6755e-11  1.3298e+00  1.1161e-11  4.5403e-11
 2.2124e+00  0.0000e+00 3  4.1940e-11  1.0359e+00  2.1380e-11  3.6081e-11
 2.1739e+00  0.0000e+00 3  3.8120e-11  7.3997e-01  2.8151e-11  2.5703e-11
 2.1368e+00  0.0000e+00 3  3.5005e-11  4.4707e-01  3.1565e-11  1.5134e-11
 2.1008e+00  0.0000e+00 3  3.2424e-11  1.5912e-01  3.2014e-11  5.1376e-12
 2.0661e+00  0.0000e+00 3  3.0184e-11 -1.2206e-01  2.9960e-11 -3.6753e-12
 2.0325e+00  0.0000e+00 3  2.8136e-11 -3.9598e-01  2.5959e-11 -1.0852e-11
 2.0000e+00  0.0000e+00 3  2.6172e-11 -6.6316e-01  2.0625e-11 -1.6112e-11
 1.9685e+00  0.0000e+00 3  2.4191e-11 -9.2399e-01  1.4578e-11 -1.9305e-11
 5.0000e+01  0.0000e+00 4  0.0000e+00  0.0000e+00  0.0000e+00  0.0000e+00
 3.5714e+01  0.0000e+00 4  0.0000e+00  0.0000e+00  0.0000e+00  0.0000e+00
 2.7778e+01  0.0000e+00 4  1.3982e-20  1.3108e+00  3.5938e-21  1.3512e-20
 2.2727e+01  0.0000e+00 4  2.5146e-21  7.4339e-01  1.8512e-21  1.7019e-21
 1.9231e+01  0.0000e+00 4  1.5069e-21  2.3647e+00 -1.0745e-21  1.0565e-21
 1.6667e+01  0.0000e+00 4  1.0933e-21  2.3548e+00 -7.7204e-22  7.7414e-22
 1.4706e+01  0.0000e+00 4  9.6404e-22  6.5074e-01  7.6703e-22  5.8399e-22
 1.3158e+01  0.0000e+00 4  2.3490e-21  3.6467e-01  2.1945e-21  8.3776e-22
 1.1905e+01  0.0000e+00 4  1.5027e-21  5.5616e-01  1.2763e-21  7.9333e-22
 1.0870e+01  0.0000e+00 4  1.1503e-21  1.0706e+00  5.5165e-22  1.0094e-21
 1.0000e+01  0.0000e+00 4  1.3214e-21  9.8500e-01  7.3057e-22  1.1011e-21
 9.2593e+00  0.0000e+00 4  1.8477e-21  7.5528e-01  1.3453e-21  1.2666e-21
 8.6207e+00  0.0000e+00 4  1.7705e-21  8.0365e-01  1.2289e-21  1.2746e-21
 8.0645e+00  0.0000e+00 4  1.2829e-21  1.7659e+00 -2.4874e-22  1.2585e-21
 7.5758e+00  0.0000e+00 4  1.5596e-21  1.3900e+00  2.8039e-22  1.5342e-21
 7.1429e+00  0.0000e+00 4  1.6178e-21  1.4151e+00  2.5089e-22  1.5983e-21
 6.7568e+00  0.0000e+00 4  1.5412e-21  1.5386e+00  4.9583e-23  1.5404e-21
 6.4103e+00  0.0000e+00 4  1.4898e-21  1.3994e+00  2.5406e-22  1.4680e-21
 6.0976e+00  0.0000e+00 4  1.4182e-21  1.5283e+00  6.0237e-23  1.4170e-21
 5.8140e+00  0.0000e+00 4  1.3523e-21  1.4823e+00  1.1950e-22  1.3470e-21
 5.5556e+00  0.0000e+00 4  1.2792e-21  1.4982e+00  9.2814e-23  1.2758e-21
 5.3191e+00  0.0000e+00 4  1.2310e-21  1.4421e+00  1.5803e-22  1.2208e-21
 5.1020e+00  0.0000e+00 4  1.1901e-21  1.4065e+00  1.9466e-22  1.1741e-21
 4.9020e+00  0.0000e+00 4  1.1624e-21  1.3717e+00  2.2991e-22  1.1395e-21
 4.7170e+00  0.0000e+00 4  1.1608e-21  1.3077e+00  3.0186e-22  1.1209e-21
 4.5455e+00  0.0000e+00 4  1.1978e-21  1.2194e+00  4.1235e-22  1.1246e-21
 4.3860e+00  0.0000e+00 4  1.2697e-21  1.1495e+00  5.1926e-22  1.1587e-21
 4.2373e+00  0.0000e+00 4  1.4322e-21  1.0444e+00  7.1955e-22  1.2383e-21
 4.0984e+00  0.0000e+00 4  1.7587e-21  9.2732e-01  1.0552e-21  1.4070e-21
 3.9683e+00  0.0000e+00 4  2.5433e-21  7.8526e-01  1.7987e-21  1.7982e-21
 3.8462e+00  0.0000e+00 4  5.6194e-21  5.8071e-01  4.6983e-21  3.0829e-21
 3.7313e+00  0.0000e+00 4  3.5090e-19 -1.6502e+00 -2.7833e-20 -3.4980e-19
 3.6232e+00  0.0000e+00 4  1.1891e-21 -2.1752e+00 -6.7569e-22 -9.7847e-22
 3.5211e+00  0.0000e+00 4  8.7284e-22 -2.5897e+00 -7.4324e-22 -4.5766e-22
 3.4247e+00  0.0000e+00 4  5.9228e-22 -2.7864e+00 -5.5532e-22 -2.0595e-22
 3.3333e+00  0.0000e+00 4  4.2315e-22 -2.9558e+00 -4.1587e-22 -7.8165e-23
 3.2468e+00  0.0000e+00 4  3.1552e-22 -3.1170e+00 -3.1543e-22 -7.7495e-24
 3.1646e+00  0.0000e+00 4  2.4214e-22  3.0051e+00 -2.3989e-22  3.2952e-23
 3.0864e+00  0.0000e+00 4  1.8980e-22  2.8420e+00 -1.8134e-22  5.6012e-23
 3.0120e+00  0.0000e+00 4  1.5112e-22  2.6758e+00 -1.3502e-22  6.7867e-23
 2.9412e+00  0.0000e+00 4  1.2174e-22  2.5058e+00 -9.7951e-23  7.2290e-23
 2.8736e+00  0.0000e+00 4  9.8961e-23  2.3326e+00 -6.8304e-23  7.1610e-23
 2.8090e+00  0.0000e+00 4  8.0944e-23  2.1542e+00 -4.4587e-23  6.7557e-23
 2.7473e+00  0.0000e+00 4  6.6502e-23  1.9699e+00 -2.5840e-23  6.1276e-23
 2.6882e+00  0.0000e+00 4  5.4806e-23  1.7789e+00 -1.1321e-23  5.3624e-23
 2.6316e+00  0.0000e+00 4  4.5266e-23  1.5802e+00 -4.2441e-25  4.5264e-23
 2.5773e+00  0.0000e+00 4  3.7443e-23  1.3741e+00  7.3177e-24  3.6721e-23
 2.5253e+00  0.0000e+00 4  3.1013e-23  1.1581e+00  1.2438e-23  2.8410e-23
 2.4752e+00  0.0000e+00 4  2.5734e-23  9.3112e-01  1.5362e-23  2.0646e-23
 2.4272e+00  0.0000e+00 4  2.1415e-23  6.9192e-01  1.6490e-23  1.3663e-23
 2.3810e+00  0.0000e+00 4  1.7902e-23  4.3980e-01  1.6199e-23  7.6220e-24
 2.3364e+00  0.0000e+00 4  1.5058e-23  1.7627e-01  1.4825e-23  2.6406e-24
 2.2936e+00  0.0000e+00 4  1.2783e-23 -9.9219e-02  1.2720e-23 -1.2662e-24
 2.2523e+00  0.0000e+00 4  1.0979e-23 -3.8446e-01  1.0177e-23 -4.1176e-24
 2.2124e+00  0.0000e+00 4  9.5549e-24 -6.7602e-01  7.4535e-24 -5.9784e-24
 2.1739e+00  0.0000e+00 4  8.4278e-24 -9.6977e-01  4.7658e-24 -6.9509e-24
 2.1368e+00  0.0000e+00 4  7.5128e-24 -1.2604e+00  2.2949e-24 -7.1537e-24
 2.1008e+00  0.0000e+00 4  6.7562e-24 -1.5462e+00  1.6622e-25 -6.7542e-24
 2.0661e+00  0.0000e+00 4  6.1074e-24 -1.8254e+00 -1.5381e-24 -5.9105e-24
 2.0325e+00  0.0000e+00 4  5.5287e-24 -2.0974e+00 -2.7789e-24 -4.7795e-24
 2.0000e+00  0.0000e+00 4  4.9947e-24 -2.3629e+00 -3.5552e-24 -3.5082e-24
 1.9685e+00  0.0000e+00 4  4.4845e-24 -2.6217e+00 -3.8920e-24 -2.2277e-24
 5.0000e+01  0.0000e+00 5  0.0000e+00  0.0000e+00  0.0000e+00  0.0000e+00
 3.5714e+01  0.0000e+00 5  0.0000e+00  0.0000e+00  0.0000e+00  0.0000e+00
 2.7778e+01  0.0000e+00 5  1.8709e-03 -1.1441e+00  7.7430e-04 -1.7032e-03
 2.2727e+01  0.0000e+00 5  8.7619e-04 -1.4416e+00  1.1288e-04 -8.6888e-04
 1.9231e+01  0.0000e+00 5  6.7428e-04 -1.4939e+00  5.1812e-05 -6.7228e-04
 1.6667e+01  0.0000e+00 5  5.9837e-04 -1.5117e+00  3.5321e-05 -5.9732e-04
 1.4706e+01  0.0000e+00 5  5.6154e-04 -1.5171e+00  3.0139e-05 -5.6073e-04
 1.3158e+01  0.0000e+00 5  5.3705e-04 -1.5148e+00  3.0042e-05 -5.3621e-04
 1.1905e+01  0.0000e+00 5  5.1362e-04 -1.5049e+00  3.3796e-05 -5.1251e-04
 1.0870e+01  0.0000e+00 5  4.8548e-04 -1.4857e+00  4.1277e-05 -4.8373e-04
 1.0000e+01  0.0000e+00 5  4.4964e-04 -1.4546e+00  5.2147e-05 -4.4660e-04
 9.2593e+00  0.0000e+00 5  4.0454e-04 -1.4097e+00  6.4894e-05 -3.9930e-04
 8.6207e+00  0.0000e+00 5  3.5051e-04 -1.3515e+00  7.6238e-05 -3.4212e-04
 8.0645e+00  0.0000e+00 5  2.8940e-04 -1.2838e+00  8.1934e-05 -2.7756e-04
 7.5758e+00  0.0000e+00 5  2.2481e-04 -1.2135e+00  7.8633e-05 -2.1061e-04
 7.1429e+00  0.0000e+00 5  1.6090e-04 -1.1357e+00  6.7815e-05 -1.4591e-04
 6.7568e+00  0.0000e+00 5  1.0117e-04 -1.0238e+00  5.2621e-05 -8.6410e-05
 6.4103e+00  0.0000e+00 5  4.9204e-05 -7.6627e-01  3.5452e-05 -3.4121e-05
 6.0976e+00  0.0000e+00 5  2.1383e-05  5.0556e-01  1.8708e-05  1.0356e-05
 5.8140e+00  0.0000e+00 5  4.7791e-05  1.4795e+00  4.3572e-06  4.7592e-05
 5.5556e+00  0.0000e+00 5  7.9100e-05  1.6507e+00 -6.3112e-06  7.8848e-05
 5.3191e+00  0.0000e+00 5  1.0633e-04  1.6890e+00 -1.2536e-05  1.0558e-04
 5.1020e+00  0.0000e+00 5  1.3021e-04  1.6796e+00 -1.4139e-05  1.2944e-04
 4.9020e+00  0.0000e+00 5  1.5226e-04  1.6432e+00 -1.1009e-05  1.5187e-04
 4.7170e+00  0.0000e+00 5  1.7438e-04  1.5875e+00 -2.9155e-06  1.7436e-04
 4.5455e+00  0.0000e+00 5  1.9898e-04  1.5166e+00  1.0774e-05  1.9869e-04
 4.3860e+00  0.0000e+00 5  2.2982e-04  1.4321e+00  3.1778e-05  2.2761e-04
 4.2373e+00  0.0000e+00 5  2.7339e-04  1.3358e+00  6.3658e-05  2.6588e-04
 4.0984e+00  0.0000e+00 5  3.4421e-04  1.2281e+00  1.1565e-04  3.2419e-04
 3.9683e+00  0.0000e+00 5  4.8479e-04  1.1073e+00  2.1674e-04  4.3364e-04
 3.8462e+00  0.0000e+00 5  9.0306e-04  9.6034e-01  5.1767e-04  7.3996e-04
 3.7313e+00  0.0000e+00 5  7.8136e-03  4.6378e-02  7.8052e-03  3.6225e-04
 3.6232e+00  0.0000e+00 5  7.9113e-04 -2.3151e+00 -5.3595e-04 -5.8193e-04
 3.5211e+00  0.0000e+00 5  3.6147e-04 -2.4846e+00 -2.8623e-04 -2.2075e-04
 3.4247e+00  0.0000e+00 5  2.2187e-04 -2.6378e+00 -1.9431e-04 -1.0710e-04
 3.3333e+00  0.0000e+00 5  1.5321e-04 -2.7908e+00 -1.4388e-04 -5.2652e-05
 3.2468e+00  0.0000e+00 5  1.1293e-04 -2.9447e+00 -1.1075e-04 -2.2089e-05
 3.1646e+00  0.0000e+00 5  8.6455e-05 -3.1025e+00 -8.6389e-05 -3.3770e-06
 3.0864e+00  0.0000e+00 5  6.7892e-05  3.0187e+00 -6.7380e-05  8.3205e-06
 3.0120e+00  0.0000e+00 5  5.4272e-05  2.8524e+00 -5.2018e-05  1.5476e-05
 2.9412e+00  0.0000e+00 5  4.3938e-05  2.6815e+00 -3.9368e-05  1.9512e-05
 2.8736e+00  0.0000e+00 5  3.5907e-05  2.5067e+00 -2.8911e-05  2.1295e-05
 2.8090e+00  0.0000e+00 5  2.9527e-05  2.3265e+00 -2.0250e-05  2.1489e-05
 2.7473e+00  0.0000e+00 5  2.4385e-05  2.1401e+00 -1.3145e-05  2.0538e-05
 2.6882e+00  0.0000e+00 5  2.0196e-05  1.9469e+00 -7.4174e-06  1.8784e-05
 2.6316e+00  0.0000e+00 5  1.6758e-05  1.7458e+00 -2.9180e-06  1.6502e-05
 2.5773e+00  0.0000e+00 5  1.3921e-05  1.5373e+00  4.6679e-07  1.3913e-05
 2.5253e+00  0.0000e+00 5  1.1576e-05  1.3188e+00  2.8867e-06  1.1211e-05
 2.4752e+00  0.0000e+00 5  9.6414e-06  1.0892e+00  4.4660e-06  8.5446e-06
 2.4272e+00  0.0000e+00 5  8.0505e-06  8.4738e-01  5.3290e-06  6.0343e-06
 2.3810e+00  0.0000e+00 5  6.7514e-06  5.9267e-01  5.5999e-06  3.7711e-06
 2.3364e+00  0.0000e+00 5  5.6954e-06  3.2656e-01  5.3944e-06  1.8270e-06
 2.2936e+00  0.0000e+00 5  4.8481e-06  4.8537e-02  4.8424e-06  2.3522e-07
 2.2523e+00  0.0000e+00 5  4.1746e-06 -2.3915e-01  4.0558e-06 -9.8886e-07
 2.2124e+00  0.0000e+00 5  3.6419e-06 -5.3306e-01  3.1367e-06 -1.8507e-06
 2.1739e+00  0.0000e+00 5  3.2196e-06 -8.2904e-01  2.1751e-06 -2.3737e-06
 2.1368e+00  0.0000e+00 5  2.8758e-06 -1.1218e+00  1.2484e-06 -2.5907e-06
 2.1008e+00  0.0000e+00 5  2.5909e-06 -1.4096e+00  4.1584e-07 -2.5573e-06
 2.0661e+00  0.0000e+00 5  2.3460e-06 -1.6907e+00 -2.8070e-07 -2.3291e-06
 2.0325e+00  0.0000e+00 5  2.1268e-06 -1.9647e+00 -8.1618e-07 -1.9640e-06
 2.0000e+00  0.0000e+00 5  1.9240e-06 -2.2319e+00 -1.1813e-06 -1.5186e-06
 1.9685e+00  0.0000e+00 5  1.7295e-06 -2.4926e+00 -1.3778e-06 -1.0453e-06
 5.0000e+01  0.0000e+00 6  0.0000e+00  0.0000e+00  0.0000e+00  0.0000e+00
 3.5714e+01  0.0000e+00 6  0.0000e+00  0.0000e+00  0.0000e+00  0.0000e+00
 2.7778e+01  0.0000e+00 6  3.3769e-19  1.9922e+00 -1.3813e-19  3.0815e-19
 2.2727e+01  0.0000e+00 6  2.5787e-19  1.5808e+00 -2.5768e-21  2.5786e-19
 1.9231e+01  0.0000e+00 6  2.5828e-19  1.7376e+00 -4.2869e-20  2.5469e-19
 1.6667e+01  0.0000e+00 6  2.4201e-19  1.8482e+00 -6.6276e-20  2.3276e-19
 1.4706e+01  0.0000e+00 6  3.4490e-19  1.7429e+00 -5.9083e-20  3.3980e-19
 1.3158e+01  0.0000e+00 6  2.7749e-19  1.7197e+00 -4.1171e-20  2.7442e-19
 1.1905e+01  0.0000e+00 6  3.7001e-19  1.7771e+00 -7.5790e-20  3.6217e-19
 1.0870e+01  0.0000e+00 6  4.5270e-19  1.8128e+00 -1.0850e-19  4.3950e-19
 1.0000e+01  0.0000e+00 6  4.7496e-19  1.7960e+00 -1.0606e-19  4.6296e-19
 9.2593e+00  0.0000e+00 6  8.3633e-19  1.7327e+00 -1.3485e-19  8.2538e-19
 8.6207e+00  0.0000e+00 6  1.4442e-18  1.6511e+00 -1.1585e-19  1.4395e-18
 8.0645e+00  0.0000e+00 6  2.7954e-18  1.4025e+00  4.6833e-19  2.7558e-18
 7.5758e+00  0.0000e+00 6  3.4002e-18 -1.4666e-01  3.3637e-18 -4.9689e-19
 7.1429e+00  0.0000e+00 6  1.3949e-18 -7.8939e-01  9.8240e-19 -9.9028e-19
 6.7568e+00  0.0000e+00 6  6.6396e-19 -8.4793e-01  4.3923e-19 -4.9791e-19
 6.4103e+00  0.0000e+00 6  4.2295e-19 -9.0026e-01  2.6282e-19 -3.3138e-19
 6.0976e+00  0.0000e+00 6  3.0503e-19 -9.7799e-01  1.7042e-19 -2.5298e-19
 5.8140e+00  0.0000e+00 6  2.2078e-19 -1.0160e+00  1.1631e-19 -1.8766e-19
 5.5556e+00  0.0000e+00 6  1.5778e-19 -1.0515e+00  7.8298e-20 -1.3698e-19
 5.3191e+00  0.0000e+00 6  1.2219e-19 -1.1217e+00  5.3051e-20 -1.1007e-19
 5.1020e+00  0.0000e+00 6  9.5086e-20 -1.1936e+00  3.5022e-20 -8.8401e-20
 4.9020e+00  0.0000e+00 6  7.6124e-20 -1.2776e+00  2.2003e-20 -7.2875e-20
 4.7170e+00  0.0000e+00 6  6.1637e-20 -1.3678e+00  1.2429e-20 -6.0371e-20
 4.5455e+00  0.0000e+00 6  5.1287e-20 -1.4670e+00  5.3120e-21 -5.1011e-20
 4.3860e+00  0.0000e+00 6  4.3940e-20 -1.5740e+00 -1.4207e-22 -4.3940e-20
 4.2373e+00  0.0000e+00 6  3.9375e-20 -1.6886e+00 -4.6268e-21 -3.9102e-20
 4.0984e+00  0.0000e+00 6  3.7104e-20 -1.8117e+00 -8.8522e-21 -3.6032e-20
 3.9683e+00  0.0000e+00 6  3.8670e-20 -1.9462e+00 -1.4180e-20 -3.5976e-20
 3.8462e+00  0.0000e+00 6  5.2011e-20 -2.1061e+00 -2.6530e-20 -4.4736e-20
 3.7313e+00  0.0000e+00 6  3.2013e-19 -3.0061e+00 -3.1720e-19 -4.3243e-20
 3.6232e+00  0.0000e+00 6  1.9784e-20  8.6972e-01  1.2762e-20  1.5118e-20
 3.5211e+00  0.0000e+00 6  4.4607e-21  6.5857e-01  3.5278e-21  2.7299e-21
 3.4247e+00  0.0000e+00 6  4.0749e-22  5.5138e-02  4.0687e-22  2.2457e-23
 3.3333e+00  0.0000e+00 6  1.1707e-21 -2.6018e+00 -1.0042e-21 -6.0172e-22
 3.2468e+00  0.0000e+00 6  1.7454e-21 -2.8224e+00 -1.6572e-21 -5.4774e-22
 3.1646e+00  0.0000e+00 6  1.9309e-21 -3.0018e+00 -1.9121e-21 -2.6903e-22
 3.0864e+00  0.0000e+00 6  1.9296e-21  3.1080e+00 -1.9285e-21  6.4790e-23
 3.0120e+00  0.0000e+00 6  1.8368e-21  2.9343e+00 -1.7974e-21  3.7803e-22
 2.9412e+00  0.0000e+00 6  1.7007e-21  2.7580e+00 -1.5771e-21  6.3649e-22
 2.8736e+00  0.0000e+00 6  1.5459e-21  2.5786e+00 -1.3073e-21  8.2513e-22
 2.8090e+00  0.0000e+00 6  1.3878e-21  2.3946e+00 -1.0182e-21  9.4294e-22
 2.7473e+00  0.0000e+00 6  1.2340e-21  2.2051e+00 -7.3132e-22  9.9393e-22
 2.6882e+00  0.0000e+00 6  1.0888e-21  2.0094e+00 -4.6235e-22  9.8573e-22
 2.6316e+00  0.0000e+00 6  9.5446e-22  1.8062e+00 -2.2265e-22  9.2813e-22
 2.5773e+00  0.0000e+00 6  8.3172e-22  1.5956e+00 -2.0628e-23  8.3146e-22
 2.5253e+00  0.0000e+00 6  7.2162e-22  1.3754e+00  1.4013e-22  7.0788e-22
 2.4752e+00  0.0000e+00 6  6.2423e-22  1.1443e+00  2.5823e-22  5.6831e-22
 2.4272e+00  0.0000e+00 6  5.3932e-22  9.0128e-01  3.3471e-22  4.2289e-22
 2.3810e+00  0.0000e+00 6  4.6646e-22  6.4556e-01  3.7259e-22  2.8064e-22
 2.3364e+00  0.0000e+00 6  4.0460e-22  3.7832e-01  3.7599e-22  1.4944e-22
 2.2936e+00  0.0000e+00 6  3.5327e-22  9.9292e-02  3.5153e-22  3.5019e-23
 2.2523e+00  0.0000e+00 6  3.1135e-22 -1.8932e-01  3.0579e-22 -5.8593e-23
 2.2124e+00  0.0000e+00 6  2.7751e-22 -4.8411e-01  2.4562e-22 -1.2916e-22
 2.1739e+00  0.0000e+00 6  2.5022e-22 -7.8096e-01  1.7772e-22 -1.7615e-22
 2.1368e+00  0.0000e+00 6  2.2763e-22 -1.0748e+00  1.0834e-22 -2.0019e-22
 2.1008e+00  0.0000e+00 6  2.0861e-22 -1.3636e+00  4.2905e-23 -2.0415e-22
 2.0661e+00  0.0000e+00 6  1.9193e-22 -1.6458e+00 -1.4379e-23 -1.9139e-22
 2.0325e+00  0.0000e+00 6  1.7663e-22 -1.9207e+00 -6.0542e-23 -1.6593e-22
 2.0000e+00  0.0000e+00 6  1.6205e-22 -2.1888e+00 -9.3892e-23 -1.3208e-22
 1.9685e+00  0.0000e+00 6  1.4761e-22 -2.4504e+00 -1.1373e-22 -9.4094e-23
