 5.0000e+01  0.0000e+00 1  0.0000e+00  0.0000e+00  0.0000e+00  0.0000e+00
 3.5714e+01  0.0000e+00 1  0.0000e+00  0.0000e+00  0.0000e+00  0.0000e+00
 2.7778e+01  0.0000e+00 1  0.0000e+00  0.0000e+00  0.0000e+00  0.0000e+00
 2.2727e+01  0.0000e+00 1  1.8530e+05 -1.4364e+00  2.4838e+04 -1.8363e+05
 1.9231e+01  0.0000e+00 1  1.0267e+02 -2.2703e+00 -6.6104e+01 -7.8555e+01
 1.6667e+01  0.0000e+00 1  2.2640e+00 -1.9069e+00 -7.4667e-01 -2.1373e+00
 1.4706e+01  0.0000e+00 1  1.0225e+00 -1.5795e+00 -8.9323e-03 -1.0225e+00
 1.3158e+01  0.0000e+00 1  7.7750e-01 -1.5418e+00  2.2521e-02 -7.7717e-01
 1.1905e+01  0.0000e+00 1  6.3434e-01 -1.5302e+00  2.5730e-02 -6.3382e-01
 1.0870e+01  0.0000e+00 1  5.2651e-01 -1.5173e+00  2.8170e-02 -5.2576e-01
 1.0000e+01  0.0000e+00 1  4.4213e-01 -1.4981e+00  3.2093e-02 -4.4096e-01
 9.2593e+00  0.0000e+00 1  3.7303e-01 -1.4698e+00  3.7622e-02 -3.7113e-01
 8.6207e+00  0.0000e+00 1  3.1429e-01 -1.4305e+00  4.3934e-02 -3.1120e-01
 8.0645e+00  0.0000e+00 1  2.6437e-01 -1.3825e+00  4.9489e-02 -2.5970e-01
 7.5758e+00  0.0000e+00 1  2.2055e-01 -1.3298e+00  5.2634e-02 -2.1418e-01
 7.1429e+00  0.0000e+00 1  1.8265e-01 -1.2826e+00  5.1917e-02 -1.7512e-01
 6.7568e+00  0.0000e+00 1  1.5028e-01 -1.2411e+00  4.8652e-02 -1.4218e-01
 6.4103e+00  0.0000e+00 1  1.2251e-01 -1.2032e+00  4.4028e-02 -1.1432e-01
 6.0976e+00  0.0000e+00 1  9.9487e-02 -1.1742e+00  3.8426e-02 -9.1767e-02
 5.8140e+00  0.0000e+00 1  8.0050e-02 -1.1518e+00  3.2570e-02 -7.3125e-02
 5.5556e+00  0.0000e+00 1  6.3991e-02 -1.1357e+00  2.6970e-02 -5.8029e-02
 5.3191e+00  0.0000e+00 1  5.0773e-02 -1.1185e+00  2.2188e-02 -4.5668e-02
 5.1020e+00  0.0000e+00 1  3.9889e-02 -1.0833e+00  1.8684e-02 -3.5243e-02
 4.9020e+00  0.0000e+00 1  3.2290e-02 -9.8436e-01  1.7869e-02 -2.6895e-02
 4.7170e+00  0.0000e+00 1  3.0482e-02 -8.3699e-01  2.0414e-02 -2.2637e-02
 4.5455e+00  0.0000e+00 1  3.4206e-02 -9.1328e-01  2.0905e-02 -2.7075e-02
 4.3860e+00  0.0000e+00 1  3.2156e-02 -1.1725e+00  1.2470e-02 -2.9639e-02
 4.2373e+00  0.0000e+00 1  2.6734e-02 -1.3904e+00  4.7979e-03 -2.6300e-02
 4.0984e+00  0.0000e+00 1  2.1951e-02 -1.5385e+00  7.0813e-04 -2.1939e-02
 3.9683e+00  0.0000e+00 1  1.8249e-02 -1.6695e+00 -1.7981e-03 -1.8160e-02
 3.8462e+00  0.0000e+00 1  1.5406e-02 -1.7905e+00 -3.3571e-03 -1.5036e-02
 3.7313e+00  0.0000e+00 1  1.3175e-02 -1.9085e+00 -4.3653e-03 -1.2431e-02
 3.6232e+00  0.0000e+00 1  1.1374e-02 -2.0280e+00 -5.0210e-03 -1.0206e-02
 3.5211e+00  0.0000e+00 1  9.9214e-03 -2.1443e+00 -5.3834e-03 -8.3339e-03
 3.4247e+00  0.0000e+00 1  8.7101e-03 -2.2624e+00 -5.5553e-03 -6.7085e-03
 3.3333e+00  0.0000e+00 1  7.6895e-03 -2.3790e+00 -5.5600e-03 -5.3117e-03
 3.2468e+00  0.0000e+00 1  6.8259e-03 -2.4944e+00 -5.4454e-03 -4.1158e-03
 5.0000e+01  0.0000e+00 2  0.0000e+00  0.0000e+00  0.0000e+00  0.0000e+00
 3.5714e+01  0.0000e+00 2  0.0000e+00  0.0000e+00  0.0000e+00  0.0000e+00
 2.7778e+01  0.0000e+00 2  0.0000e+00  0.0000e+00  0.0000e+00  0.0000e+00
 2.2727e+01  0.0000e+00 2  0.0000e+00  0.0000e+00  0.0000e+00  0.0000e+00
 1.9231e+01  0.0000e+00 2  0.0000e+00  0.0000e+00  0.0000e+00  0.0000e+00
 1.6667e+01  0.0000e+00 2  0.0000e+00  0.0000e+00  0.0000e+00  0.0000e+00
 1.4706e+01  0.0000e+00 2  0.0000e+00  0.0000e+00  0.0000e+00  0.0000e+00
 1.3158e+01  0.0000e+00 2  0.0000e+00  0.0000e+00  0.0000e+00  0.0000e+00
 1.1905e+01  0.0000e+00 2  0.0000e+00  0.0000e+00  0.0000e+00  0.0000e+00
 1.0870e+01  0.0000e+00 2  0.0000e+00  0.0000e+00  0.0000e+00  0.0000e+00
 1.0000e+01  0.0000e+00 2  0.0000e+00  0.0000e+00  0.0000e+00  0.0000e+00
 9.2593e+00  0.0000e+00 2  0.0000e+00  0.0000e+00  0.0000e+00  0.0000e+00
 8.6207e+00  0.0000e+00 2  0.0000e+00  0.0000e+00  0.0000e+00  0.0000e+00
 8.0645e+00  0.0000e+00 2  0.0000e+00  0.0000e+00  0.0000e+00  0.0000e+00
 7.5758e+00  0.0000e+00 2  0.0000e+00  0.0000e+00  0.0000e+00  0.0000e+00
 7.1429e+00  0.0000e+00 2  0.0000e+00  0.0000e+00  0.0000e+00  0.0000e+00
 6.7568e+00  0.0000e+00 2  0.0000e+00  0.0000e+00  0.0000e+00  0.0000e+00
 6.4103e+00  0.0000e+00 2  0.0000e+00  0.0000e+00  0.0000e+00  0.0000e+00
 6.0976e+00  0.0000e+00 2  0.0000e+00  0.0000e+00  0.0000e+00  0.0000e+00
 5.8140e+00  0.0000e+00 2  0.0000e+00  0.0000e+00  0.0000e+00  0.0000e+00
 5.5556e+00  0.0000e+00 2  0.0000e+00  0.0000e+00  0.0000e+00  0.0000e+00
 5.3191e+00  0.0000e+00 2  0.0000e+00  0.0000e+00  0.0000e+00  0.0000e+00
 5.1020e+00  0.0000e+00 2  0.0000e+00  0.0000e+00  0.0000e+00  0.0000e+00
 4.9020e+00  0.0000e+00 2  0.0000e+00  0.0000e+00  0.0000e+00  0.0000e+00
 4.7170e+00  0.0000e+00 2  0.0000e+00  0.0000e+00  0.0000e+00  0.0000e+00
 4.5455e+00  0.0000e+00 2  0.0000e+00  0.0000e+00  0.0000e+00  0.0000e+00
 4.3860e+00  0.0000e+00 2  0.0000e+00  0.0000e+00  0.0000e+00  0.0000e+00
 4.2373e+00  0.0000e+00 2  0.0000e+00  0.0000e+00  0.0000e+00  0.0000e+00
 4.0984e+00  0.0000e+00 2  0.0000e+00  0.0000e+00  0.0000e+00  0.0000e+00
 3.9683e+00  0.0000e+00 2  0.0000e+00  0.0000e+00  0.0000e+00  0.0000e+00
 3.8462e+00  0.0000e+00 2  0.0000e+00  0.0000e+00  0.0000e+00  0.0000e+00
 3.7313e+00  0.0000e+00 2  0.0000e+00  0.0000e+00  0.0000e+00  0.0000e+00
 3.6232e+00  0.0000e+00 2  0.0000e+00  0.0000e+00  0.0000e+00  0.0000e+00
 3.5211e+00  0.0000e+00 2  0.0000e+00  0.0000e+00  0.0000e+00  0.0000e+00
 3.4247e+00  0.0000e+00 2  0.0000e+00  0.0000e+00  0.0000e+00  0.0000e+00
 3.3333e+00  0.0000e+00 2  0.0000e+00  0.0000e+00  0.0000e+00  0.0000e+00
 3.2468e+00  0.0000e+00 2  0.0000e+00  0.0000e+00  0.0000e+00  0.0000e+00
 5.0000e+01  0.0000e+00 3  0.0000e+00  0.0000e+00  0.0000e+00  0.0000e+00
 3.5714e+01  0.0000e+00 3  0.0000e+00  0.0000e+00  0.0000e+00  0.0000e+00
 2.7778e+01  0.0000e+00 3  0.0000e+00  0.0000e+00  0.0000e+00  0.0000e+00
 2.2727e+01  0.0000e+00 3  1.7048e+05 -2.9234e+00 -1.6644e+05 -3.6897e+04
 1.9231e+01  0.0000e+00 3  1.2007e-01  1.7733e+00 -2.4153e-02  1.1762e-01
 1.6667e+01  0.0000e+00 3  8.7272e-04 -2.7706e+00 -8.1336e-04 -3.1637e-04
 1.4706e+01  0.0000e+00 3  2.1032e-04  2.0192e+00 -9.1177e-05  1.8953e-04
 1.3158e+01  0.0000e+00 3  2.1230e-04  1.6793e+00 -2.2992e-05  2.1106e-04
 1.1905e+01  0.0000e+00 3  1.9326e-04  1.6145e+00 -8.4368e-06  1.9307e-04
 1.0870e+01  0.0000e+00 3  1.6781e-04  1.5854e+00 -2.4521e-06  1.6779e-04
 1.0000e+01  0.0000e+00 3  1.3761e-04  1.5672e+00  4.9684e-07  1.3761e-04
 9.2593e+00  0.0000e+00 3  1.0376e-04  1.5428e+00  2.9012e-06  1.0372e-04
 8.6207e+00  0.0000e+00 3  6.7695e-05  1.4840e+00  5.8654e-06  6.7441e-05
 8.0645e+00  0.0000e+00 3  3.1864e-05  1.2425e+00  1.0274e-05  3.0162e-05
 7.5758e+00  0.0000e+00 3  1.7025e-05 -3.7861e-01  1.5820e-05 -6.2930e-06
 7.1429e+00  0.0000e+00 3  4.6031e-05 -1.0850e+00  2.1494e-05 -4.0705e-05
 6.7568e+00  0.0000e+00 3  7.6806e-05 -1.2210e+00  2.6324e-05 -7.2154e-05
 6.4103e+00  0.0000e+00 3  1.0485e-04 -1.2842e+00  2.9642e-05 -1.0058e-04
 6.0976e+00  0.0000e+00 3  1.2956e-04 -1.3393e+00  2.9727e-05 -1.2611e-04
 5.8140e+00  0.0000e+00 3  1.5257e-04 -1.4030e+00  2.5487e-05 -1.5043e-04
 5.5556e+00  0.0000e+00 3  1.7575e-04 -1.4892e+00  1.4332e-05 -1.7516e-04
 5.3191e+00  0.0000e+00 3  2.0266e-04 -1.6132e+00 -8.5969e-06 -2.0248e-04
 5.1020e+00  0.0000e+00 3  2.3824e-04 -1.7861e+00 -5.0898e-05 -2.3273e-04
 4.9020e+00  0.0000e+00 3  2.9014e-04 -2.0781e+00 -1.4096e-04 -2.5359e-04
 4.7170e+00  0.0000e+00 3  3.5097e-04 -2.5380e+00 -2.8895e-04 -1.9923e-04
 4.5455e+00  0.0000e+00 3  3.5703e-04  3.0614e+00 -3.5588e-04  2.8614e-05
 4.3860e+00  0.0000e+00 3  2.6976e-04  2.4323e+00 -2.0469e-04  1.7570e-04
 4.2373e+00  0.0000e+00 3  1.8289e-04  1.9656e+00 -7.0341e-05  1.6882e-04
 4.0984e+00  0.0000e+00 3  1.2926e-04  1.6771e+00 -1.3714e-05  1.2853e-04
 3.9683e+00  0.0000e+00 3  9.6301e-05  1.4390e+00  1.2658e-05  9.5466e-05
 3.8462e+00  0.0000e+00 3  7.5445e-05  1.2473e+00  2.3982e-05  7.1532e-05
 3.7313e+00  0.0000e+00 3  6.1387e-05  1.0846e+00  2.8683e-05  5.4274e-05
 3.6232e+00  0.0000e+00 3  5.1243e-05  9.4110e-01  3.0177e-05  4.1415e-05
 3.5211e+00  0.0000e+00 3  4.3825e-05  8.2366e-01  2.9781e-05  3.2152e-05
 3.4247e+00  0.0000e+00 3  3.7983e-05  7.2138e-01  2.8521e-05  2.5085e-05
 3.3333e+00  0.0000e+00 3  3.3244e-05  6.3853e-01  2.6694e-05  1.9814e-05
 3.2468e+00  0.0000e+00 3  2.9478e-05  5.7218e-01  2.4783e-05  1.5961e-05
 5.0000e+01  0.0000e+00 4  0.0000e+00  0.0000e+00  0.0000e+00  0.0000e+00
 3.5714e+01  0.0000e+00 4  0.0000e+00  0.0000e+00  0.0000e+00  0.0000e+00
 2.7778e+01  0.0000e+00 4  0.0000e+00  0.0000e+00  0.0000e+00  0.0000e+00
 2.2727e+01  0.0000e+00 4  0.0000e+00  0.0000e+00  0.0000e+00  0.0000e+00
 1.9231e+01  0.0000e+00 4  0.0000e+00  0.0000e+00  0.0000e+00  0.0000e+00
 1.6667e+01  0.0000e+00 4  0.0000e+00  0.0000e+00  0.0000e+00  0.0000e+00
 1.4706e+01  0.0000e+00 4  0.0000e+00  0.0000e+00  0.0000e+00  0.0000e+00
 1.3158e+01  0.0000e+00 4  0.0000e+00 -0.0000e+00  0.0000e+00 -0.0000e+00
 1.1905e+01  0.0000e+00 4  0.0000e+00  0.0000e+00  0.0000e+00  0.0000e+00
 1.0870e+01  0.0000e+00 4  0.0000e+00  0.0000e+00  0.0000e+00  0.0000e+00
 1.0000e+01  0.0000e+00 4  0.0000e+00  0.0000e+00  0.0000e+00  0.0000e+00
 9.2593e+00  0.0000e+00 4  0.0000e+00  0.0000e+00  0.0000e+00  0.0000e+00
 8.6207e+00  0.0000e+00 4  0.0000e+00 -0.0000e+00  0.0000e+00 -0.0000e+00
 8.0645e+00  0.0000e+00 4  0.0000e+00  0.0000e+00  0.0000e+00  0.0000e+00
 7.5758e+00  0.0000e+00 4  0.0000e+00  0.0000e+00  0.0000e+00  0.0000e+00
 7.1429e+00  0.0000e+00 4  0.0000e+00  0.0000e+00  0.0000e+00  0.0000e+00
 6.7568e+00  0.0000e+00 4  0.0000e+00  0.0000e+00  0.0000e+00  0.0000e+00
 6.4103e+00  0.0000e+00 4  0.0000e+00 -0.0000e+00  0.0000e+00 -0.0000e+00
 6.0976e+00  0.0000e+00 4  0.0000e+00  0.0000e+00  0.0000e+00  0.0000e+00
 5.8140e+00  0.0000e+00 4  0.0000e+00  0.0000e+00  0.0000e+00  0.0000e+00
 5.5556e+00  0.0000e+00 4  0.0000e+00  0.0000e+00  0.0000e+00  0.0000e+00
 5.3191e+00  0.0000e+00 4  0.0000e+00  0.0000e+00  0.0000e+00  0.0000e+00
 5.1020e+00  0.0000e+00 4  0.0000e+00  0.0000e+00  0.0000e+00  0.0000e+00
 4.9020e+00  0.0000e+00 4  0.0000e+00  0.0000e+00  0.0000e+00  0.0000e+00
 4.7170e+00  0.0000e+00 4  0.0000e+00  0.0000e+00  0.0000e+00  0.0000e+00
 4.5455e+00  0.0000e+00 4  0.0000e+00  0.0000e+00  0.0000e+00  0.0000e+00
 4.3860e+00  0.0000e+00 4  0.0000e+00  0.0000e+00  0.0000e+00  0.0000e+00
 4.2373e+00  0.0000e+00 4  0.0000e+00  0.0000e+00  0.0000e+00  0.0000e+00
 4.0984e+00  0.0000e+00 4  0.0000e+00  0.0000e+00  0.0000e+00  0.0000e+00
 3.9683e+00  0.0000e+00 4  0.0000e+00  0.0000e+00  0.0000e+00  0.0000e+00
 3.8462e+00  0.0000e+00 4  0.0000e+00  0.0000e+00  0.0000e+00  0.0000e+00
 3.7313e+00  0.0000e+00 4  0.0000e+00  0.0000e+00  0.0000e+00  0.0000e+00
 3.6232e+00  0.0000e+00 4  0.0000e+00  0.0000e+00  0.0000e+00  0.0000e+00
 3.5211e+00  0.0000e+00 4  0.0000e+00  0.0000e+00  0.0000e+00  0.0000e+00
 3.4247e+00  0.0000e+00 4  0.0000e+00  0.0000e+00  0.0000e+00  0.0000e+00
 3.3333e+00  0.0000e+00 4  0.0000e+00  0.0000e+00  0.0000e+00  0.0000e+00
 3.2468e+00  0.0000e+00 4  0.0000e+00  0.0000e+00  0.0000e+00  0.0000e+00
 5.0000e+01  0.0000e+00 5  0.0000e+00  0.0000e+00  0.0000e+00  0.0000e+00
 3.5714e+01  0.0000e+00 5  0.0000e+00  0.0000e+00  0.0000e+00  0.0000e+00
 2.7778e+01  0.0000e+00 5  0.0000e+00  0.0000e+00  0.0000e+00  0.0000e+00
 2.2727e+01  0.0000e+00 5  9.7536e+00  7.0564e-01  7.4244e+00  6.3254e+00
 1.9231e+01  0.0000e+00 5  1.2887e-01  7.4316e-01  9.4891e-02  8.7196e-02
 1.6667e+01  0.0000e+00 5  2.4441e-03  4.5673e-01  2.1935e-03  1.0779e-03
 1.4706e+01  0.0000e+00 5  5.4187e-04 -1.1435e+00  2.2455e-04 -4.9315e-04
 1.3158e+01  0.0000e+00 5  5.4718e-04 -1.4949e+00  4.1490e-05 -5.4560e-04
 1.1905e+01  0.0000e+00 5  4.9847e-04 -1.5665e+00  2.1319e-06 -4.9846e-04
 1.0870e+01  0.0000e+00 5  4.3323e-04 -1.6011e+00 -1.3127e-05 -4.3303e-04
 1.0000e+01  0.0000e+00 5  3.5566e-04 -1.6244e+00 -1.9063e-05 -3.5515e-04
 9.2593e+00  0.0000e+00 5  2.6872e-04 -1.6555e+00 -2.2730e-05 -2.6776e-04
 8.6207e+00  0.0000e+00 5  1.7634e-04 -1.7274e+00 -2.7510e-05 -1.7418e-04
 8.0645e+00  0.0000e+00 5  8.5981e-05 -2.0045e+00 -3.6130e-05 -7.8021e-05
 7.5758e+00  0.0000e+00 5  5.0659e-05  2.8209e+00 -4.8076e-05  1.5970e-05
 7.1429e+00  0.0000e+00 5  1.2107e-04  2.0981e+00 -6.0921e-05  1.0462e-04
 6.7568e+00  0.0000e+00 5  1.9912e-04  1.9418e+00 -7.2198e-05  1.8557e-04
 6.4103e+00  0.0000e+00 5  2.7082e-04  1.8711e+00 -8.0104e-05  2.5870e-04
 6.0976e+00  0.0000e+00 5  3.3421e-04  1.8132e+00 -8.0210e-05  3.2444e-04
 5.8140e+00  0.0000e+00 5  3.9341e-04  1.7486e+00 -6.9576e-05  3.8721e-04
 5.5556e+00  0.0000e+00 5  4.5332e-04  1.6626e+00 -4.1546e-05  4.5141e-04
 5.3191e+00  0.0000e+00 5  5.2329e-04  1.5394e+00  1.6435e-05  5.2304e-04
 5.1020e+00  0.0000e+00 5  6.1638e-04  1.3679e+00  1.2421e-04  6.0374e-04
 4.9020e+00  0.0000e+00 5  7.5417e-04  1.0769e+00  3.5754e-04  6.6403e-04
 4.7170e+00  0.0000e+00 5  9.1889e-04  6.1434e-01  7.5087e-04  5.2967e-04
 4.5455e+00  0.0000e+00 5  9.3787e-04 -8.0965e-02  9.3480e-04 -7.5852e-05
 4.3860e+00  0.0000e+00 5  7.0367e-04 -7.1708e-01  5.3037e-04 -4.6244e-04
 4.2373e+00  0.0000e+00 5  4.7365e-04 -1.1836e+00  1.7886e-04 -4.3858e-04
 4.0984e+00  0.0000e+00 5  3.3386e-04 -1.4699e+00  3.3635e-05 -3.3216e-04
 3.9683e+00  0.0000e+00 5  2.4836e-04 -1.7062e+00 -3.3527e-05 -2.4609e-04
 3.8462e+00  0.0000e+00 5  1.9445e-04 -1.8965e+00 -6.2225e-05 -1.8423e-04
 3.7313e+00  0.0000e+00 5  1.5817e-04 -2.0583e+00 -7.4084e-05 -1.3975e-04
 3.6232e+00  0.0000e+00 5  1.3201e-04 -2.2010e+00 -7.7797e-05 -1.0666e-04
 3.5211e+00  0.0000e+00 5  1.1290e-04 -2.3179e+00 -7.6715e-05 -8.2833e-05
 3.4247e+00  0.0000e+00 5  9.7854e-05 -2.4197e+00 -7.3444e-05 -6.4663e-05
 3.3333e+00  0.0000e+00 5  8.5652e-05 -2.5022e+00 -6.8730e-05 -5.1111e-05
 3.2468e+00  0.0000e+00 5  7.5960e-05 -2.5682e+00 -6.3813e-05 -4.1206e-05
 5.0000e+01  0.0000e+00 6  0.0000e+00  0.0000e+00  0.0000e+00  0.0000e+00
 3.5714e+01  0.0000e+00 6  0.0000e+00  0.0000e+00  0.0000e+00  0.0000e+00
 2.7778e+01  0.0000e+00 6  0.0000e+00  0.0000e+00  0.0000e+00  0.0000e+00
 2.2727e+01  0.0000e+00 6  0.0000e+00  0.0000e+00  0.0000e+00  0.0000e+00
 1.9231e+01  0.0000e+00 6  0.0000e+00  0.0000e+00  0.0000e+00  0.0000e+00
 1.6667e+01  0.0000e+00 6  0.0000e+00  0.0000e+00  0.0000e+00  0.0000e+00
 1.4706e+01  0.0000e+00 6  0.0000e+00  0.0000e+00  0.0000e+00  0.0000e+00
 1.3158e+01  0.0000e+00 6  0.0000e+00 -0.0000e+00  0.0000e+00 -0.0000e+00
 1.1905e+01  0.0000e+00 6  0.0000e+00  0.0000e+00  0.0000e+00  0.0000e+00
 1.0870e+01  0.0000e+00 6  0.0000e+00  0.0000e+00  0.0000e+00  0.0000e+00
 1.0000e+01  0.0000e+00 6  0.0000e+00  0.0000e+00  0.0000e+00  0.0000e+00
 9.2593e+00  0.0000e+00 6  0.0000e+00  0.0000e+00  0.0000e+00  0.0000e+00
 8.6207e+00  0.0000e+00 6  0.0000e+00 -0.0000e+00  0.0000e+00 -0.0000e+00
 8.0645e+00  0.0000e+00 6  0.0000e+00  0.0000e+00  0.0000e+00  0.0000e+00
 7.5758e+00  0.0000e+00 6  0.0000e+00  0.0000e+00  0.0000e+00  0.0000e+00
 7.1429e+00  0.0000e+00 6  0.0000e+00  0.0000e+00  0.0000e+00  0.0000e+00
 6.7568e+00  0.0000e+00 6  0.0000e+00  0.0000e+00  0.0000e+00  0.0000e+00
 6.4103e+00  0.0000e+00 6  0.0000e+00 -0.0000e+00  0.0000e+00 -0.0000e+00
 6.0976e+00  0.0000e+00 6  0.0000e+00  0.0000e+00  0.0000e+00  0.0000e+00
 5.8140e+00  0.0000e+00 6  0.0000e+00  0.0000e+00  0.0000e+00  0.0000e+00
 5.5556e+00  0.0000e+00 6  0.0000e+00  0.0000e+00  0.0000e+00  0.0000e+00
 5.3191e+00  0.0000e+00 6  0.0000e+00  0.0000e+00  0.0000e+00  0.0000e+00
 5.1020e+00  0.0000e+00 6  0.0000e+00  0.0000e+00  0.0000e+00  0.0000e+00
 4.9020e+00  0.0000e+00 6  0.0000e+00  0.0000e+00  0.0000e+00  0.0000e+00
 4.7170e+00  0.0000e+00 6  0.0000e+00  0.0000e+00  0.0000e+00  0.0000e+00
 4.5455e+00  0.0000e+00 6  0.0000e+00  0.0000e+00  0.0000e+00  0.0000e+00
 4.3860e+00  0.0000e+00 6  0.0000e+00  0.0000e+00  0.0000e+00  0.0000e+00
 4.2373e+00  0.0000e+00 6  0.0000e+00  0.0000e+00  0.0000e+00  0.0000e+00
 4.0984e+00  0.0000e+00 6  0.0000e+00  0.0000e+00  0.0000e+00  0.0000e+00
 3.9683e+00  0.0000e+00 6  0.0000e+00  0.0000e+00  0.0000e+00  0.0000e+00
 3.8462e+00  0.0000e+00 6  0.0000e+00  0.0000e+00  0.0000e+00  0.0000e+00
 3.7313e+00  0.0000e+00 6  0.0000e+00  0.0000e+00  0.0000e+00  0.0000e+00
 3.6232e+00  0.0000e+00 6  0.0000e+00 -0.0000e+00  0.0000e+00 -0.0000e+00
 3.5211e+00  0.0000e+00 6  0.0000e+00  0.0000e+00  0.0000e+00  0.0000e+00
 3.4247e+00  0.0000e+00 6  0.0000e+00  0.0000e+00  0.0000e+00  0.0000e+00
 3.3333e+00  0.0000e+00 6  0.0000e+00  0.0000e+00  0.0000e+00  0.0000e+00
 3.2468e+00  0.0000e+00 6  0.0000e+00  0.0000e+00  0.0000e+00  0.0000e+00
