 5.0000e+01  0.0000e+00 1  0.0000e+00  0.0000e+00  0.0000e+00  0.0000e+00
 3.5714e+01  0.0000e+00 1  0.0000e+00  0.0000e+00  0.0000e+00  0.0000e+00
 2.7778e+01  0.0000e+00 1  1.3216e+00 -1.2019e+00  4.7652e-01 -1.2327e+00
 2.2727e+01  0.0000e+00 1  2.0688e+00 -1.3963e+00  3.5915e-01 -2.0374e+00
 1.9231e+01  0.0000e+00 1  1.4449e+00 -1.5014e+00  1.0025e-01 -1.4414e+00
 1.6667e+01  0.0000e+00 1  1.1276e+00 -1.5557e+00  1.7053e-02 -1.1275e+00
 5.0000e+01  0.0000e+00 2  0.0000e+00  0.0000e+00  0.0000e+00  0.0000e+00
 3.5714e+01  0.0000e+00 2  0.0000e+00  0.0000e+00  0.0000e+00  0.0000e+00
 2.7778e+01  0.0000e+00 2  2.9689e-05 -8.3930e-01  1.9832e-05 -2.2094e-05
 2.2727e+01  0.0000e+00 2  5.7020e-05 -1.0394e+00  2.8895e-05 -4.9156e-05
 1.9231e+01  0.0000e+00 2  4.0207e-05 -1.3128e+00  1.0257e-05 -3.8876e-05
 1.6667e+01  0.0000e+00 2  3.0719e-05 -1.4175e+00  4.6911e-06 -3.0358e-05
 5.0000e+01  0.0000e+00 3  0.0000e+00  0.0000e+00  0.0000e+00  0.0000e+00
 3.5714e+01  0.0000e+00 3  0.0000e+00  0.0000e+00  0.0000e+00  0.0000e+00
 2.7778e+01  0.0000e+00 3  4.0260e-06 -1.0451e+00  2.0204e-06 -3.4823e-06
 2.2727e+01  0.0000e+00 3  1.4957e-05 -1.4069e+00  2.4410e-06 -1.4756e-05
 1.9231e+01  0.0000e+00 3  1.3642e-05 -2.2366e+00 -8.4264e-06 -1.0729e-05
 1.6667e+01  0.0000e+00 3  1.0083e-05 -2.6060e+00 -8.6711e-06 -5.1454e-06
 5.0000e+01  0.0000e+00 4  0.0000e+00  0.0000e+00  0.0000e+00  0.0000e+00
 3.5714e+01  0.0000e+00 4  0.0000e+00  0.0000e+00  0.0000e+00  0.0000e+00
 2.7778e+01  0.0000e+00 4  6.5057e-06 -6.2951e-01  5.2587e-06 -3.8302e-06
 2.2727e+01  0.0000e+00 4  2.2570e-05 -1.2028e+00  8.1193e-06 -2.1059e-05
 1.9231e+01  0.0000e+00 4  1.8362e-05 -2.0936e+00 -9.1683e-06 -1.5909e-05
 1.6667e+01  0.0000e+00 4  1.2632e-05 -2.4721e+00 -9.9054e-06 -7.8392e-06
 5.0000e+01  0.0000e+00 5  0.0000e+00  0.0000e+00  0.0000e+00  0.0000e+00
 3.5714e+01  0.0000e+00 5  0.0000e+00  0.0000e+00  0.0000e+00  0.0000e+00
 2.7778e+01  0.0000e+00 5  1.3035e-04  1.7827e+00 -2.7410e-05  1.2743e-04
 2.2727e+01  0.0000e+00 5  2.1468e-04  1.4600e+00  2.3741e-05  2.1336e-04
 1.9231e+01  0.0000e+00 5  1.6317e-04  1.2698e+00  4.8368e-05  1.5583e-04
 1.6667e+01  0.0000e+00 5  1.3790e-04  1.1864e+00  5.1716e-05  1.2784e-04
 5.0000e+01  0.0000e+00 6  0.0000e+00  0.0000e+00  0.0000e+00  0.0000e+00
 3.5714e+01  0.0000e+00 6  0.0000e+00  0.0000e+00  0.0000e+00  0.0000e+00
 2.7778e+01  0.0000e+00 6  5.6888e-03 -2.9326e+00 -5.5650e-03 -1.1802e-03
 2.2727e+01  0.0000e+00 6  1.3659e-02  2.4143e+00 -1.0203e-02  9.0812e-03
 1.9231e+01  0.0000e+00 6  7.5563e-03  1.3324e+00  1.7841e-03  7.3427e-03
 1.6667e+01  0.0000e+00 6  3.7429e-03  8.8709e-01  2.3643e-03  2.9017e-03
