 5.0000e+01  0.0000e+00 1  0.0000e+00  0.0000e+00  0.0000e+00  0.0000e+00
 3.5714e+01  0.0000e+00 1  0.0000e+00  0.0000e+00  0.0000e+00  0.0000e+00
 2.7778e+01  0.0000e+00 1  0.0000e+00  0.0000e+00  0.0000e+00  0.0000e+00
 2.2727e+01  0.0000e+00 1  0.0000e+00  0.0000e+00  0.0000e+00  0.0000e+00
 1.9231e+01  0.0000e+00 1  1.5053e+03 -2.8522e+00 -1.4427e+03 -4.2959e+02
 1.6667e+01  0.0000e+00 1  1.5775e+03 -2.8541e+00 -1.5128e+03 -4.4727e+02
 1.4706e+01  0.0000e+00 1  3.4007e+00 -2.6687e+00 -3.0275e+00 -1.5490e+00
 1.3158e+01  0.0000e+00 1  7.3963e-01 -1.8722e+00 -2.1959e-01 -7.0628e-01
 1.1905e+01  0.0000e+00 1  5.4380e-01 -1.7917e+00 -1.1914e-01 -5.3059e-01
 1.0870e+01  0.0000e+00 1  4.2769e-01 -1.8017e+00 -9.7864e-02 -4.1635e-01
 1.0000e+01  0.0000e+00 1  3.4735e-01 -1.8301e+00 -8.9064e-02 -3.3574e-01
 9.2593e+00  0.0000e+00 1  2.8688e-01 -1.8585e+00 -8.1412e-02 -2.7509e-01
 8.6207e+00  0.0000e+00 1  2.3866e-01 -1.8835e+00 -7.3414e-02 -2.2708e-01
 8.0645e+00  0.0000e+00 1  1.9991e-01 -1.9016e+00 -6.4938e-02 -1.8907e-01
 7.5758e+00  0.0000e+00 1  1.6674e-01 -1.9165e+00 -5.6507e-02 -1.5687e-01
 7.1429e+00  0.0000e+00 1  1.3810e-01 -1.9318e+00 -4.8782e-02 -1.2920e-01
 6.7568e+00  0.0000e+00 1  1.1315e-01 -1.9553e+00 -4.2448e-02 -1.0489e-01
 6.4103e+00  0.0000e+00 1  9.1277e-02 -1.9882e+00 -3.7004e-02 -8.3440e-02
 6.0976e+00  0.0000e+00 1  7.2472e-02 -2.0237e+00 -3.1710e-02 -6.5166e-02
 5.8140e+00  0.0000e+00 1  5.5938e-02 -2.0600e+00 -2.6289e-02 -4.9376e-02
 5.5556e+00  0.0000e+00 1  4.1528e-02 -2.0830e+00 -2.0354e-02 -3.6198e-02
 5.3191e+00  0.0000e+00 1  2.9074e-02 -2.0444e+00 -1.3260e-02 -2.5875e-02
 5.1020e+00  0.0000e+00 1  1.9576e-02 -1.7971e+00 -4.3917e-03 -1.9077e-02
 4.9020e+00  0.0000e+00 1  2.1625e-02 -1.2639e+00  6.5329e-03 -2.0615e-02
 4.7170e+00  0.0000e+00 1  3.6317e-02 -1.2937e+00  9.9358e-03 -3.4932e-02
 4.5455e+00  0.0000e+00 1  4.5495e-02 -1.8198e+00 -1.1214e-02 -4.4092e-02
 4.3860e+00  0.0000e+00 1  3.9230e-02 -2.3098e+00 -2.6424e-02 -2.8995e-02
 4.2373e+00  0.0000e+00 1  3.0369e-02 -2.6694e+00 -2.7046e-02 -1.3813e-02
 4.0984e+00  0.0000e+00 1  2.3517e-02 -2.9211e+00 -2.2948e-02 -5.1438e-03
 3.9683e+00  0.0000e+00 1  1.8494e-02  3.1344e+00 -1.8494e-02  1.3235e-04
 3.8462e+00  0.0000e+00 1  1.4719e-02  2.9258e+00 -1.4377e-02  3.1511e-03
 3.7313e+00  0.0000e+00 1  1.1789e-02  2.7252e+00 -1.0782e-02  4.7687e-03
 3.6232e+00  0.0000e+00 1  9.4439e-03  2.5219e+00 -7.6879e-03  5.4848e-03
 3.5211e+00  0.0000e+00 1  7.5356e-03  2.3273e+00 -5.1725e-03  5.4800e-03
 3.4247e+00  0.0000e+00 1  5.9521e-03  2.1254e+00 -3.1345e-03  5.0598e-03
 3.3333e+00  0.0000e+00 1  4.6231e-03  1.9213e+00 -1.5874e-03  4.3421e-03
 3.2468e+00  0.0000e+00 1  3.5026e-03  1.7112e+00 -4.9031e-04  3.4681e-03
 5.0000e+01  0.0000e+00 2  0.0000e+00  0.0000e+00  0.0000e+00  0.0000e+00
 3.5714e+01  0.0000e+00 2  0.0000e+00  0.0000e+00  0.0000e+00  0.0000e+00
 2.7778e+01  0.0000e+00 2  0.0000e+00  0.0000e+00  0.0000e+00  0.0000e+00
 2.2727e+01  0.0000e+00 2  0.0000e+00  0.0000e+00  0.0000e+00  0.0000e+00
 1.9231e+01  0.0000e+00 2  0.0000e+00  0.0000e+00  0.0000e+00  0.0000e+00
 1.6667e+01  0.0000e+00 2  0.0000e+00  0.0000e+00  0.0000e+00  0.0000e+00
 1.4706e+01  0.0000e+00 2  0.0000e+00  0.0000e+00  0.0000e+00  0.0000e+00
 1.3158e+01  0.0000e+00 2  0.0000e+00  0.0000e+00  0.0000e+00  0.0000e+00
 1.1905e+01  0.0000e+00 2  0.0000e+00  0.0000e+00  0.0000e+00  0.0000e+00
 1.0870e+01  0.0000e+00 2  0.0000e+00  0.0000e+00  0.0000e+00  0.0000e+00
 1.0000e+01  0.0000e+00 2  0.0000e+00  0.0000e+00  0.0000e+00  0.0000e+00
 9.2593e+00  0.0000e+00 2  0.0000e+00  0.0000e+00  0.0000e+00  0.0000e+00
 8.6207e+00  0.0000e+00 2  0.0000e+00  0.0000e+00  0.0000e+00  0.0000e+00
 8.0645e+00  0.0000e+00 2  0.0000e+00  0.0000e+00  0.0000e+00  0.0000e+00
 7.5758e+00  0.0000e+00 2  0.0000e+00  0.0000e+00  0.0000e+00  0.0000e+00
 7.1429e+00  0.0000e+00 2  0.0000e+00  0.0000e+00  0.0000e+00  0.0000e+00
 6.7568e+00  0.0000e+00 2  0.0000e+00  0.0000e+00  0.0000e+00  0.0000e+00
 6.4103e+00  0.0000e+00 2  0.0000e+00  0.0000e+00  0.0000e+00  0.0000e+00
 6.0976e+00  0.0000e+00 2  0.0000e+00  0.0000e+00  0.0000e+00  0.0000e+00
 5.8140e+00  0.0000e+00 2  0.0000e+00  0.0000e+00  0.0000e+00  0.0000e+00
 5.5556e+00  0.0000e+00 2  0.0000e+00  0.0000e+00  0.0000e+00  0.0000e+00
 5.3191e+00  0.0000e+00 2  0.0000e+00  0.0000e+00  0.0000e+00  0.0000e+00
 5.1020e+00  0.0000e+00 2  0.0000e+00  0.0000e+00  0.0000e+00  0.0000e+00
 4.9020e+00  0.0000e+00 2  0.0000e+00  0.0000e+00  0.0000e+00  0.0000e+00
 4.7170e+00  0.0000e+00 2  0.0000e+00  0.0000e+00  0.0000e+00  0.0000e+00
 4.5455e+00  0.0000e+00 2  0.0000e+00  0.0000e+00  0.0000e+00  0.0000e+00
 4.3860e+00  0.0000e+00 2  0.0000e+00  0.0000e+00  0.0000e+00  0.0000e+00
 4.2373e+00  0.0000e+00 2  0.0000e+00  0.0000e+00  0.0000e+00  0.0000e+00
 4.0984e+00  0.0000e+00 2  0.0000e+00  0.0000e+00  0.0000e+00  0.0000e+00
 3.9683e+00  0.0000e+00 2  0.0000e+00  0.0000e+00  0.0000e+00  0.0000e+00
 3.8462e+00  0.0000e+00 2  0.0000e+00  0.0000e+00  0.0000e+00  0.0000e+00
 3.7313e+00  0.0000e+00 2  0.0000e+00  0.0000e+00  0.0000e+00  0.0000e+00
 3.6232e+00  0.0000e+00 2  0.0000e+00  0.0000e+00  0.0000e+00  0.0000e+00
 3.5211e+00  0.0000e+00 2  0.0000e+00  0.0000e+00  0.0000e+00  0.0000e+00
 3.4247e+00  0.0000e+00 2  0.0000e+00  0.0000e+00  0.0000e+00  0.0000e+00
 3.3333e+00  0.0000e+00 2  0.0000e+00  0.0000e+00  0.0000e+00  0.0000e+00
 3.2468e+00  0.0000e+00 2  0.0000e+00  0.0000e+00  0.0000e+00  0.0000e+00
 5.0000e+01  0.0000e+00 3  0.0000e+00  0.0000e+00  0.0000e+00  0.0000e+00
 3.5714e+01  0.0000e+00 3  0.0000e+00  0.0000e+00  0.0000e+00  0.0000e+00
 2.7778e+01  0.0000e+00 3  0.0000e+00  0.0000e+00  0.0000e+00  0.0000e+00
 2.2727e+01  0.0000e+00 3  0.0000e+00  0.0000e+00  0.0000e+00  0.0000e+00
 1.9231e+01  0.0000e+00 3  2.0975e+00 -1.4826e+00  1.8477e-01 -2.0893e+00
 1.6667e+01  0.0000e+00 3  2.1891e+00 -1.1005e+00  9.9197e-01 -1.9514e+00
 1.4706e+01  0.0000e+00 3  5.0337e-02  5.3596e-02  5.0265e-02  2.6966e-03
 1.3158e+01  0.0000e+00 3  4.1768e-03 -6.7729e-01  3.2548e-03 -2.6175e-03
 1.1905e+01  0.0000e+00 3  1.8870e-03 -1.3314e+00  4.4739e-04 -1.8332e-03
 1.0870e+01  0.0000e+00 3  9.6129e-04 -1.6860e+00 -1.1054e-04 -9.5492e-04
 1.0000e+01  0.0000e+00 3  1.8368e-04 -2.2119e+00 -1.0986e-04 -1.4721e-04
 9.2593e+00  0.0000e+00 3  5.8204e-04  1.4701e+00  5.8502e-05  5.7909e-04
 8.6207e+00  0.0000e+00 3  1.2708e-03  1.3342e+00  2.9792e-04  1.2354e-03
 8.0645e+00  0.0000e+00 3  1.9038e-03  1.2647e+00  5.7365e-04  1.8154e-03
 7.5758e+00  0.0000e+00 3  2.4850e-03  1.2159e+00  8.6357e-04  2.3302e-03
 7.1429e+00  0.0000e+00 3  3.0073e-03  1.1704e+00  1.1721e-03  2.7695e-03
 6.7568e+00  0.0000e+00 3  3.4776e-03  1.1155e+00  1.5291e-03  3.1233e-03
 6.4103e+00  0.0000e+00 3  3.9169e-03  1.0492e+00  1.9515e-03  3.3961e-03
 6.0976e+00  0.0000e+00 3  4.3433e-03  9.6628e-01  2.4686e-03  3.5736e-03
 5.8140e+00  0.0000e+00 3  4.7996e-03  8.6538e-01  3.1118e-03  3.6541e-03
 5.5556e+00  0.0000e+00 3  5.3454e-03  7.3647e-01  3.9601e-03  3.5904e-03
 5.3191e+00  0.0000e+00 3  6.0840e-03  5.6476e-01  5.1392e-03  3.2562e-03
 5.1020e+00  0.0000e+00 3  7.1720e-03  3.3923e-01  6.7633e-03  2.3865e-03
 4.9020e+00  0.0000e+00 3  8.8076e-03 -3.0043e-02  8.8036e-03 -2.6457e-04
 4.7170e+00  0.0000e+00 3  1.0414e-02 -5.8994e-01  8.6537e-03 -5.7934e-03
 4.5455e+00  0.0000e+00 3  9.4600e-03 -1.3385e+00  2.1775e-03 -9.2060e-03
 4.3860e+00  0.0000e+00 3  6.5275e-03 -1.9310e+00 -2.3005e-03 -6.1087e-03
 4.2373e+00  0.0000e+00 3  4.2303e-03 -2.3465e+00 -2.9621e-03 -3.0201e-03
 4.0984e+00  0.0000e+00 3  2.8904e-03 -2.6068e+00 -2.4869e-03 -1.4730e-03
 3.9683e+00  0.0000e+00 3  2.0475e-03 -2.8258e+00 -1.9463e-03 -6.3599e-04
 3.8462e+00  0.0000e+00 3  1.5004e-03 -3.0014e+00 -1.4857e-03 -2.0970e-04
 3.7313e+00  0.0000e+00 3  1.1243e-03  3.1364e+00 -1.1243e-03  5.8080e-06
 3.6232e+00  0.0000e+00 3  8.5085e-04  3.0141e+00 -8.4395e-04  1.0816e-04
 3.5211e+00  0.0000e+00 3  6.5539e-04  2.9306e+00 -6.4086e-04  1.3724e-04
 3.4247e+00  0.0000e+00 3  5.0840e-04  2.8771e+00 -4.9072e-04  1.3290e-04
 3.3333e+00  0.0000e+00 3  4.0213e-04  2.8645e+00 -3.8679e-04  1.1003e-04
 3.2468e+00  0.0000e+00 3  3.2828e-04  2.8904e+00 -3.1797e-04  8.1604e-05
 5.0000e+01  0.0000e+00 4  0.0000e+00  0.0000e+00  0.0000e+00  0.0000e+00
 3.5714e+01  0.0000e+00 4  0.0000e+00  0.0000e+00  0.0000e+00  0.0000e+00
 2.7778e+01  0.0000e+00 4  0.0000e+00  0.0000e+00  0.0000e+00  0.0000e+00
 2.2727e+01  0.0000e+00 4  0.0000e+00  0.0000e+00  0.0000e+00  0.0000e+00
 1.9231e+01  0.0000e+00 4  0.0000e+00  0.0000e+00  0.0000e+00  0.0000e+00
 1.6667e+01  0.0000e+00 4  0.0000e+00  0.0000e+00  0.0000e+00  0.0000e+00
 1.4706e+01  0.0000e+00 4  0.0000e+00  0.0000e+00  0.0000e+00  0.0000e+00
 1.3158e+01  0.0000e+00 4  0.0000e+00 -0.0000e+00  0.0000e+00 -0.0000e+00
 1.1905e+01  0.0000e+00 4  0.0000e+00  0.0000e+00  0.0000e+00  0.0000e+00
 1.0870e+01  0.0000e+00 4  0.0000e+00  0.0000e+00  0.0000e+00  0.0000e+00
 1.0000e+01  0.0000e+00 4  0.0000e+00  0.0000e+00  0.0000e+00  0.0000e+00
 9.2593e+00  0.0000e+00 4  0.0000e+00  0.0000e+00  0.0000e+00  0.0000e+00
 8.6207e+00  0.0000e+00 4  0.0000e+00 -0.0000e+00  0.0000e+00 -0.0000e+00
 8.0645e+00  0.0000e+00 4  0.0000e+00  0.0000e+00  0.0000e+00  0.0000e+00
 7.5758e+00  0.0000e+00 4  0.0000e+00  0.0000e+00  0.0000e+00  0.0000e+00
 7.1429e+00  0.0000e+00 4  0.0000e+00  0.0000e+00  0.0000e+00  0.0000e+00
 6.7568e+00  0.0000e+00 4  0.0000e+00  0.0000e+00  0.0000e+00  0.0000e+00
 6.4103e+00  0.0000e+00 4  0.0000e+00 -0.0000e+00  0.0000e+00 -0.0000e+00
 6.0976e+00  0.0000e+00 4  0.0000e+00  0.0000e+00  0.0000e+00  0.0000e+00
 5.8140e+00  0.0000e+00 4  0.0000e+00  0.0000e+00  0.0000e+00  0.0000e+00
 5.5556e+00  0.0000e+00 4  0.0000e+00  0.0000e+00  0.0000e+00  0.0000e+00
 5.3191e+00  0.0000e+00 4  0.0000e+00  0.0000e+00  0.0000e+00  0.0000e+00
 5.1020e+00  0.0000e+00 4  0.0000e+00  0.0000e+00  0.0000e+00  0.0000e+00
 4.9020e+00  0.0000e+00 4  0.0000e+00  0.0000e+00  0.0000e+00  0.0000e+00
 4.7170e+00  0.0000e+00 4  0.0000e+00  0.0000e+00  0.0000e+00  0.0000e+00
 4.5455e+00  0.0000e+00 4  0.0000e+00  0.0000e+00  0.0000e+00  0.0000e+00
 4.3860e+00  0.0000e+00 4  0.0000e+00  0.0000e+00  0.0000e+00  0.0000e+00
 4.2373e+00  0.0000e+00 4  0.0000e+00  0.0000e+00  0.0000e+00  0.0000e+00
 4.0984e+00  0.0000e+00 4  0.0000e+00  0.0000e+00  0.0000e+00  0.0000e+00
 3.9683e+00  0.0000e+00 4  0.0000e+00  0.0000e+00  0.0000e+00  0.0000e+00
 3.8462e+00  0.0000e+00 4  0.0000e+00  0.0000e+00  0.0000e+00  0.0000e+00
 3.7313e+00  0.0000e+00 4  0.0000e+00  0.0000e+00  0.0000e+00  0.0000e+00
 3.6232e+00  0.0000e+00 4  0.0000e+00  0.0000e+00  0.0000e+00  0.0000e+00
 3.5211e+00  0.0000e+00 4  0.0000e+00  0.0000e+00  0.0000e+00  0.0000e+00
 3.4247e+00  0.0000e+00 4  0.0000e+00  0.0000e+00  0.0000e+00  0.0000e+00
 3.3333e+00  0.0000e+00 4  0.0000e+00  0.0000e+00  0.0000e+00  0.0000e+00
 3.2468e+00  0.0000e+00 4  0.0000e+00  0.0000e+00  0.0000e+00  0.0000e+00
 5.0000e+01  0.0000e+00 5  0.0000e+00  0.0000e+00  0.0000e+00  0.0000e+00
 3.5714e+01  0.0000e+00 5  0.0000e+00  0.0000e+00  0.0000e+00  0.0000e+00
 2.7778e+01  0.0000e+00 5  0.0000e+00  0.0000e+00  0.0000e+00  0.0000e+00
 2.2727e+01  0.0000e+00 5  0.0000e+00  0.0000e+00  0.0000e+00  0.0000e+00
 1.9231e+01  0.0000e+00 5  1.0005e+00  1.5434e-01  9.8862e-01  1.5381e-01
 1.6667e+01  0.0000e+00 5  1.1029e+00  1.5418e-01  1.0898e+00  1.6937e-01
 1.4706e+01  0.0000e+00 5  7.0114e-03  5.2684e-02  7.0017e-03  3.6922e-04
 1.3158e+01  0.0000e+00 5  5.8706e-04 -6.7698e-01  4.5760e-04 -3.6776e-04
 1.1905e+01  0.0000e+00 5  2.6535e-04 -1.3311e+00  6.2991e-05 -2.5777e-04
 1.0870e+01  0.0000e+00 5  1.3520e-04 -1.6856e+00 -1.5488e-05 -1.3431e-04
 1.0000e+01  0.0000e+00 5  2.5819e-05 -2.2103e+00 -1.5409e-05 -2.0717e-05
 9.2593e+00  0.0000e+00 5  8.1838e-05  1.4696e+00  8.2646e-06  8.1419e-05
 8.6207e+00  0.0000e+00 5  1.7870e-04  1.3339e+00  4.1943e-05  1.7371e-04
 8.0645e+00  0.0000e+00 5  2.6770e-04  1.2644e+00  8.0739e-05  2.5523e-04
 7.5758e+00  0.0000e+00 5  3.4941e-04  1.2155e+00  1.2154e-04  3.2759e-04
 7.1429e+00  0.0000e+00 5  4.2282e-04  1.1700e+00  1.6495e-04  3.8932e-04
 6.7568e+00  0.0000e+00 5  4.8890e-04  1.1151e+00  2.1517e-04  4.3900e-04
 6.4103e+00  0.0000e+00 5  5.5063e-04  1.0487e+00  2.7458e-04  4.7728e-04
 6.0976e+00  0.0000e+00 5  6.1052e-04  9.6576e-01  3.4726e-04  5.0214e-04
 5.8140e+00  0.0000e+00 5  6.7458e-04  8.6485e-01  4.3764e-04  5.1336e-04
 5.5556e+00  0.0000e+00 5  7.5120e-04  7.3595e-01  5.5679e-04  5.0427e-04
 5.3191e+00  0.0000e+00 5  8.5483e-04  5.6429e-01  7.2231e-04  4.5718e-04
 5.1020e+00  0.0000e+00 5  1.0075e-03  3.3887e-01  9.5017e-04  3.3490e-04
 4.9020e+00  0.0000e+00 5  1.2369e-03 -3.0005e-02  1.2363e-03 -3.7106e-05
 4.7170e+00  0.0000e+00 5  1.4625e-03 -5.8919e-01  1.2159e-03 -8.1268e-04
 4.5455e+00  0.0000e+00 5  1.3296e-03 -1.3373e+00  3.0762e-04 -1.2936e-03
 4.3860e+00  0.0000e+00 5  9.1801e-04 -1.9301e+00 -3.2281e-04 -8.5939e-04
 4.2373e+00  0.0000e+00 5  5.9500e-04 -2.3461e+00 -4.1647e-04 -4.2495e-04
 4.0984e+00  0.0000e+00 5  4.0650e-04 -2.6067e+00 -3.4972e-04 -2.0722e-04
 3.9683e+00  0.0000e+00 5  2.8794e-04 -2.8257e+00 -2.7369e-04 -8.9449e-05
 3.8462e+00  0.0000e+00 5  2.1098e-04 -3.0014e+00 -2.0891e-04 -2.9482e-05
 3.7313e+00  0.0000e+00 5  1.5808e-04  3.1364e+00 -1.5808e-04  8.2479e-07
 3.6232e+00  0.0000e+00 5  1.1962e-04  3.0141e+00 -1.1865e-04  1.5215e-05
 3.5211e+00  0.0000e+00 5  9.2137e-05  2.9306e+00 -9.0093e-05  1.9301e-05
 3.4247e+00  0.0000e+00 5  7.1468e-05  2.8770e+00 -6.8981e-05  1.8688e-05
 3.3333e+00  0.0000e+00 5  5.6526e-05  2.8644e+00 -5.4369e-05  1.5469e-05
 3.2468e+00  0.0000e+00 5  4.6143e-05  2.8904e+00 -4.4695e-05  1.1471e-05
 5.0000e+01  0.0000e+00 6  0.0000e+00  0.0000e+00  0.0000e+00  0.0000e+00
 3.5714e+01  0.0000e+00 6  0.0000e+00  0.0000e+00  0.0000e+00  0.0000e+00
 2.7778e+01  0.0000e+00 6  0.0000e+00  0.0000e+00  0.0000e+00  0.0000e+00
 2.2727e+01  0.0000e+00 6  0.0000e+00  0.0000e+00  0.0000e+00  0.0000e+00
 1.9231e+01  0.0000e+00 6  0.0000e+00  0.0000e+00  0.0000e+00  0.0000e+00
 1.6667e+01  0.0000e+00 6  0.0000e+00  0.0000e+00  0.0000e+00  0.0000e+00
 1.4706e+01  0.0000e+00 6  0.0000e+00  0.0000e+00  0.0000e+00  0.0000e+00
 1.3158e+01  0.0000e+00 6  0.0000e+00  0.0000e+00  0.0000e+00  0.0000e+00
 1.1905e+01  0.0000e+00 6  0.0000e+00  0.0000e+00  0.0000e+00  0.0000e+00
 1.0870e+01  0.0000e+00 6  0.0000e+00  0.0000e+00  0.0000e+00  0.0000e+00
 1.0000e+01  0.0000e+00 6  0.0000e+00  0.0000e+00  0.0000e+00  0.0000e+00
 9.2593e+00  0.0000e+00 6  0.0000e+00  0.0000e+00  0.0000e+00  0.0000e+00
 8.6207e+00  0.0000e+00 6  0.0000e+00  0.0000e+00  0.0000e+00  0.0000e+00
 8.0645e+00  0.0000e+00 6  0.0000e+00  0.0000e+00  0.0000e+00  0.0000e+00
 7.5758e+00  0.0000e+00 6  0.0000e+00  0.0000e+00  0.0000e+00  0.0000e+00
 7.1429e+00  0.0000e+00 6  0.0000e+00  0.0000e+00  0.0000e+00  0.0000e+00
 6.7568e+00  0.0000e+00 6  0.0000e+00  0.0000e+00  0.0000e+00  0.0000e+00
 6.4103e+00  0.0000e+00 6  0.0000e+00  0.0000e+00  0.0000e+00  0.0000e+00
 6.0976e+00  0.0000e+00 6  0.0000e+00  0.0000e+00  0.0000e+00  0.0000e+00
 5.8140e+00  0.0000e+00 6  0.0000e+00  0.0000e+00  0.0000e+00  0.0000e+00
 5.5556e+00  0.0000e+00 6  0.0000e+00  0.0000e+00  0.0000e+00  0.0000e+00
 5.3191e+00  0.0000e+00 6  0.0000e+00  0.0000e+00  0.0000e+00  0.0000e+00
 5.1020e+00  0.0000e+00 6  0.0000e+00  0.0000e+00  0.0000e+00  0.0000e+00
 4.9020e+00  0.0000e+00 6  0.0000e+00  0.0000e+00  0.0000e+00  0.0000e+00
 4.7170e+00  0.0000e+00 6  0.0000e+00  0.0000e+00  0.0000e+00  0.0000e+00
 4.5455e+00  0.0000e+00 6  0.0000e+00  0.0000e+00  0.0000e+00  0.0000e+00
 4.3860e+00  0.0000e+00 6  0.0000e+00  0.0000e+00  0.0000e+00  0.0000e+00
 4.2373e+00  0.0000e+00 6  0.0000e+00  0.0000e+00  0.0000e+00  0.0000e+00
 4.0984e+00  0.0000e+00 6  0.0000e+00  0.0000e+00  0.0000e+00  0.0000e+00
 3.9683e+00  0.0000e+00 6  0.0000e+00  0.0000e+00  0.0000e+00  0.0000e+00
 3.8462e+00  0.0000e+00 6  0.0000e+00  0.0000e+00  0.0000e+00  0.0000e+00
 3.7313e+00  0.0000e+00 6  0.0000e+00  0.0000e+00  0.0000e+00  0.0000e+00
 3.6232e+00  0.0000e+00 6  0.0000e+00  0.0000e+00  0.0000e+00  0.0000e+00
 3.5211e+00  0.0000e+00 6  0.0000e+00  0.0000e+00  0.0000e+00  0.0000e+00
 3.4247e+00  0.0000e+00 6  0.0000e+00  0.0000e+00  0.0000e+00  0.0000e+00
 3.3333e+00  0.0000e+00 6  0.0000e+00  0.0000e+00  0.0000e+00  0.0000e+00
 3.2468e+00  0.0000e+00 6  0.0000e+00  0.0000e+00  0.0000e+00  0.0000e+00
