 5.0000e+01  0.0000e+00 1  0.0000e+00  0.0000e+00  0.0000e+00  0.0000e+00
 3.3333e+01  0.0000e+00 1  0.0000e+00  0.0000e+00  0.0000e+00  0.0000e+00
 2.5000e+01  0.0000e+00 1  3.3267e+00 -1.4787e+00  3.0611e-01 -3.3126e+00
 2.0000e+01  0.0000e+00 1  2.1222e+00 -1.5228e+00  1.0178e-01 -2.1197e+00
 1.6667e+01  0.0000e+00 1  1.4377e+00 -1.5439e+00  3.8624e-02 -1.4371e+00
 1.4286e+01  0.0000e+00 1  1.1220e+00 -1.5483e+00  2.5200e-02 -1.1217e+00
 1.2500e+01  0.0000e+00 1  9.2834e-01 -1.5440e+00  2.4914e-02 -9.2800e-01
 1.1111e+01  0.0000e+00 1  7.8789e-01 -1.5286e+00  3.3263e-02 -7.8719e-01
 1.0000e+01  0.0000e+00 1  6.7430e-01 -1.4978e+00  4.9181e-02 -6.7250e-01
 9.0909e+00  0.0000e+00 1  5.7531e-01 -1.4489e+00  6.9933e-02 -5.7104e-01
 8.3333e+00  0.0000e+00 1  4.8468e-01 -1.3857e+00  8.9203e-02 -4.7640e-01
 7.6923e+00  0.0000e+00 1  4.0077e-01 -1.3231e+00  9.8271e-02 -3.8854e-01
 7.1429e+00  0.0000e+00 1  3.2548e-01 -1.2743e+00  9.5106e-02 -3.1128e-01
 6.6667e+00  0.0000e+00 1  2.5997e-01 -1.2369e+00  8.5197e-02 -2.4561e-01
 6.2500e+00  0.0000e+00 1  2.0487e-01 -1.2155e+00  7.1262e-02 -1.9208e-01
 5.8824e+00  0.0000e+00 1  1.6006e-01 -1.2142e+00  5.5879e-02 -1.4998e-01
 5.5556e+00  0.0000e+00 1  1.2457e-01 -1.2345e+00  4.1102e-02 -1.1759e-01
 5.2632e+00  0.0000e+00 1  9.6990e-02 -1.2766e+00  2.8122e-02 -9.2823e-02
 5.0000e+00  0.0000e+00 1  7.5796e-02 -1.3393e+00  1.7390e-02 -7.3775e-02
 4.7619e+00  0.0000e+00 1  5.9588e-02 -1.4210e+00  8.8929e-03 -5.8921e-02
 4.5455e+00  0.0000e+00 1  4.7202e-02 -1.5200e+00  2.3971e-03 -4.7141e-02
 4.3478e+00  0.0000e+00 1  3.7729e-02 -1.6348e+00 -2.4117e-03 -3.7652e-02
 4.1667e+00  0.0000e+00 1  3.0492e-02 -1.7643e+00 -5.8622e-03 -2.9924e-02
 4.0000e+00  0.0000e+00 1  2.5042e-02 -1.9089e+00 -8.3065e-03 -2.3625e-02
 3.8462e+00  0.0000e+00 1  2.1306e-02 -2.0792e+00 -1.0372e-02 -1.8611e-02
 3.7037e+00  0.0000e+00 1  1.9012e-02 -2.5356e+00 -1.5627e-02 -1.0829e-02
 3.5714e+00  0.0000e+00 1  1.1409e-02 -2.4936e+00 -9.0961e-03 -6.8866e-03
 3.4483e+00  0.0000e+00 1  9.5502e-03 -2.5895e+00 -8.1311e-03 -5.0091e-03
 3.3333e+00  0.0000e+00 1  8.1569e-03 -2.7621e+00 -7.5767e-03 -3.0215e-03
 3.2258e+00  0.0000e+00 1  6.8598e-03 -2.9525e+00 -6.7376e-03 -1.2891e-03
 3.1250e+00  0.0000e+00 1  5.7399e-03  3.1309e+00 -5.7396e-03  6.1101e-05
 3.0303e+00  0.0000e+00 1  4.7900e-03  2.9235e+00 -4.6765e-03  1.0365e-03
 2.9412e+00  0.0000e+00 1  3.9878e-03  2.7085e+00 -3.6196e-03  1.6736e-03
 2.8571e+00  0.0000e+00 1  3.3109e-03  2.4857e+00 -2.6239e-03  2.0191e-03
 2.7778e+00  0.0000e+00 1  2.7399e-03  2.2545e+00 -1.7307e-03  2.1241e-03
 2.7027e+00  0.0000e+00 1  2.2588e-03  2.0138e+00 -9.6834e-04  2.0407e-03
 2.6316e+00  0.0000e+00 1  1.8548e-03  1.7625e+00 -3.5341e-04  1.8208e-03
 2.5641e+00  0.0000e+00 1  1.5171e-03  1.4990e+00  1.0887e-04  1.5132e-03
 2.5000e+00  0.0000e+00 1  1.2370e-03  1.2216e+00  4.2327e-04  1.1623e-03
 2.4390e+00  0.0000e+00 1  1.0070e-03  9.2873e-01  6.0307e-04  8.0650e-04
 2.3810e+00  0.0000e+00 1  8.2061e-04  6.1939e-01  6.6816e-04  4.7640e-04
 2.3256e+00  0.0000e+00 1  6.7156e-04  2.9356e-01  6.4283e-04  1.9433e-04
 2.2727e+00  0.0000e+00 1  5.5399e-04 -4.7014e-02  5.5338e-04 -2.6036e-05
 2.2222e+00  0.0000e+00 1  4.6209e-04 -3.9854e-01  4.2588e-04 -1.7933e-04
 2.1739e+00  0.0000e+00 1  3.9018e-04 -7.5559e-01  2.8400e-04 -2.6755e-04
 2.1277e+00  0.0000e+00 1  3.3300e-04 -1.1123e+00  1.4739e-04 -2.9861e-04
 2.0833e+00  0.0000e+00 1  2.8611e-04 -1.4639e+00  3.0527e-05 -2.8448e-04
 2.0408e+00  0.0000e+00 1  2.4610e-04 -1.8077e+00 -5.7754e-05 -2.3923e-04
 2.0000e+00  0.0000e+00 1  2.1070e-04 -2.1431e+00 -1.1411e-04 -1.7712e-04
 5.0000e+01  0.0000e+00 2  0.0000e+00  0.0000e+00  0.0000e+00  0.0000e+00
 3.3333e+01  0.0000e+00 2  0.0000e+00  0.0000e+00  0.0000e+00  0.0000e+00
 2.5000e+01  0.0000e+00 2  7.0624e-06  2.5190e-03  7.0624e-06  1.7790e-08
 2.0000e+01  0.0000e+00 2  6.5937e-06  3.8126e-03  6.5937e-06  2.5139e-08
 1.6667e+01  0.0000e+00 2  5.1463e-06  5.8079e-03  5.1462e-06  2.9889e-08
 1.4286e+01  0.0000e+00 2  3.7911e-06  8.4145e-03  3.7909e-06  3.1899e-08
 1.2500e+01  0.0000e+00 2  2.6549e-06  1.1538e-02  2.6548e-06  3.0632e-08
 1.1111e+01  0.0000e+00 2  1.7779e-06  1.5131e-02  1.7777e-06  2.6900e-08
 1.0000e+01  0.0000e+00 2  1.1387e-06  1.9319e-02  1.1384e-06  2.1996e-08
 9.0909e+00  0.0000e+00 2  6.9533e-07  2.4371e-02  6.9512e-07  1.6945e-08
 8.3333e+00  0.0000e+00 2  4.0350e-07  3.0657e-02  4.0331e-07  1.2368e-08
 7.6923e+00  0.0000e+00 2  2.2191e-07  3.8668e-02  2.2174e-07  8.5786e-09
 7.1429e+00  0.0000e+00 2  1.1533e-07  4.9116e-02  1.1519e-07  5.6621e-09
 6.6667e+00  0.0000e+00 2  5.6360e-08  6.3336e-02  5.6247e-08  3.5672e-09
 6.2500e+00  0.0000e+00 2  2.5597e-08  8.4257e-02  2.5506e-08  2.1542e-09
 5.8824e+00  0.0000e+00 2  1.0477e-08  1.2006e-01  1.0402e-08  1.2549e-09
 5.5556e+00  0.0000e+00 2  3.5292e-09  2.0297e-01  3.4568e-09  7.1142e-10
 5.2632e+00  0.0000e+00 2  6.7096e-10  6.3180e-01  5.4145e-10  3.9627e-10
 5.0000e+00  0.0000e+00 2  5.3488e-10  2.7206e+00 -4.8817e-10  2.1860e-10
 4.7619e+00  0.0000e+00 2  7.0625e-10  2.9712e+00 -6.9602e-10  1.1976e-10
 4.5455e+00  0.0000e+00 2  5.9630e-10  3.0326e+00 -5.9276e-10  6.4874e-11
 4.3478e+00  0.0000e+00 2  4.1411e-10  3.0584e+00 -4.1268e-10  3.4392e-11
 4.1667e+00  0.0000e+00 2  2.5244e-10  3.0718e+00 -2.5183e-10  1.7606e-11
 4.0000e+00  0.0000e+00 2  1.3835e-10  3.0796e+00 -1.3809e-10  8.5766e-12
 3.8462e+00  0.0000e+00 2  6.8909e-11  3.0855e+00 -6.8800e-11  3.8640e-12
 3.7037e+00  0.0000e+00 2  3.1753e-11  3.1064e+00 -3.1733e-11  1.1181e-12
 3.5714e+00  0.0000e+00 2  1.3582e-11  3.0844e+00 -1.3560e-11  7.7597e-13
 3.4483e+00  0.0000e+00 2  5.3864e-12  3.0683e+00 -5.3719e-12  3.9461e-13
 3.3333e+00  0.0000e+00 2  2.0346e-12  3.0439e+00 -2.0249e-12  1.9849e-13
 3.2258e+00  0.0000e+00 2  7.4627e-13  2.9836e+00 -7.3698e-13  1.1738e-13
 3.1250e+00  0.0000e+00 2  2.6879e-13  2.8356e+00 -2.5631e-13  8.0967e-14
 3.0303e+00  0.0000e+00 2  9.8198e-14  2.4720e+00 -7.6996e-14  6.0947e-14
 2.9412e+00  0.0000e+00 2  4.7514e-14  1.7498e+00 -8.4603e-15  4.6755e-14
 2.8571e+00  0.0000e+00 2  3.9285e-14  1.0818e+00  1.8454e-14  3.4681e-14
 2.7778e+00  0.0000e+00 2  3.7218e-14  6.8623e-01  2.8793e-14  2.3582e-14
 2.7027e+00  0.0000e+00 2  3.4453e-14  3.9601e-01  3.1786e-14  1.3290e-14
 2.6316e+00  0.0000e+00 2  3.1179e-14  1.2887e-01  3.0920e-14  4.0070e-15
 2.5641e+00  0.0000e+00 2  2.7904e-14 -1.4180e-01  2.7624e-14 -3.9435e-15
 2.5000e+00  0.0000e+00 2  2.4862e-14 -4.2452e-01  2.2656e-14 -1.0240e-14
 2.4390e+00  0.0000e+00 2  2.2136e-14 -7.2243e-01  1.6607e-14 -1.4637e-14
 2.3810e+00  0.0000e+00 2  1.9755e-14 -1.0369e+00  1.0053e-14 -1.7006e-14
 2.3256e+00  0.0000e+00 2  1.7733e-14 -1.3680e+00  3.5723e-15 -1.7369e-14
 2.2727e+00  0.0000e+00 2  1.6069e-14 -1.7139e+00 -2.2916e-15 -1.5905e-14
 2.2222e+00  0.0000e+00 2  1.4745e-14 -2.0709e+00 -7.0710e-15 -1.2939e-14
 2.1739e+00  0.0000e+00 2  1.3718e-14 -2.4337e+00 -1.0422e-14 -8.9205e-15
 2.1277e+00  0.0000e+00 2  1.2921e-14 -2.7963e+00 -1.2158e-14 -4.3734e-15
 2.0833e+00  0.0000e+00 2  1.2272e-14  3.1290e+00 -1.2272e-14  1.5415e-16
 2.0408e+00  0.0000e+00 2  1.1693e-14  2.7785e+00 -1.0931e-14  4.1528e-15
 2.0000e+00  0.0000e+00 2  1.1114e-14  2.4358e+00 -8.4585e-15  7.2093e-15
 5.0000e+01  0.0000e+00 3  0.0000e+00  0.0000e+00  0.0000e+00  0.0000e+00
 3.3333e+01  0.0000e+00 3  0.0000e+00  0.0000e+00  0.0000e+00  0.0000e+00
 2.5000e+01  0.0000e+00 3  2.8483e-06  2.5231e-03  2.8482e-06  7.1865e-09
 2.0000e+01  0.0000e+00 3  2.6595e-06  3.8173e-03  2.6594e-06  1.0152e-08
 1.6667e+01  0.0000e+00 3  2.0759e-06  5.8130e-03  2.0759e-06  1.2067e-08
 1.4286e+01  0.0000e+00 3  1.5294e-06  8.4197e-03  1.5294e-06  1.2877e-08
 1.2500e+01  0.0000e+00 3  1.0713e-06  1.1543e-02  1.0712e-06  1.2365e-08
 1.1111e+01  0.0000e+00 3  7.1749e-07  1.5136e-02  7.1741e-07  1.0859e-08
 1.0000e+01  0.0000e+00 3  4.5962e-07  1.9322e-02  4.5953e-07  8.8804e-09
 9.0909e+00  0.0000e+00 3  2.8073e-07  2.4373e-02  2.8065e-07  6.8417e-09
 8.3333e+00  0.0000e+00 3  1.6295e-07  3.0655e-02  1.6287e-07  4.9945e-09
 7.6923e+00  0.0000e+00 3  8.9637e-08  3.8650e-02  8.9570e-08  3.4636e-09
 7.1429e+00  0.0000e+00 3  4.6598e-08  4.9106e-02  4.6542e-08  2.2873e-09
 6.6667e+00  0.0000e+00 3  2.2779e-08  6.3326e-02  2.2734e-08  1.4416e-09
 6.2500e+00  0.0000e+00 3  1.0349e-08  8.4243e-02  1.0312e-08  8.7081e-10
 5.8824e+00  0.0000e+00 3  4.2375e-09  1.2005e-01  4.2070e-09  5.0749e-10
 5.5556e+00  0.0000e+00 3  1.4279e-09  2.0295e-01  1.3986e-09  2.8781e-10
 5.2632e+00  0.0000e+00 3  2.7156e-10  6.3183e-01  2.1913e-10  1.6039e-10
 5.0000e+00  0.0000e+00 3  2.1661e-10  2.7206e+00 -1.9769e-10  8.8527e-11
 4.7619e+00  0.0000e+00 3  2.8611e-10  2.9712e+00 -2.8197e-10  4.8529e-11
 4.5455e+00  0.0000e+00 3  2.4168e-10  3.0325e+00 -2.4024e-10  2.6307e-11
 4.3478e+00  0.0000e+00 3  1.6791e-10  3.0584e+00 -1.6733e-10  1.3957e-11
 4.1667e+00  0.0000e+00 3  1.0241e-10  3.0717e+00 -1.0216e-10  7.1505e-12
 4.0000e+00  0.0000e+00 3  5.6155e-11  3.0795e+00 -5.6046e-11  3.4863e-12
 3.8462e+00  0.0000e+00 3  2.7984e-11  3.0854e+00 -2.7939e-11  1.5721e-12
 3.7037e+00  0.0000e+00 3  1.2902e-11  3.1062e+00 -1.2893e-11  4.5607e-13
 3.5714e+00  0.0000e+00 3  5.5214e-12  3.0843e+00 -5.5124e-12  3.1603e-13
 3.4483e+00  0.0000e+00 3  2.1909e-12  3.0682e+00 -2.1850e-12  1.6061e-13
 3.3333e+00  0.0000e+00 3  8.2802e-13  3.0440e+00 -8.2408e-13  8.0705e-14
 3.2258e+00  0.0000e+00 3  3.0388e-13  2.9841e+00 -3.0011e-13  4.7661e-14
 3.1250e+00  0.0000e+00 3  1.0950e-13  2.8370e+00 -1.0446e-13  3.2843e-14
 3.0303e+00  0.0000e+00 3  3.9983e-14  2.4752e+00 -3.1429e-14  2.4715e-14
 2.9412e+00  0.0000e+00 3  1.9285e-14  1.7535e+00 -3.5042e-15  1.8964e-14
 2.8571e+00  0.0000e+00 3  1.5933e-14  1.0828e+00  7.4703e-15  1.4073e-14
 2.7778e+00  0.0000e+00 3  1.5113e-14  6.8607e-01  1.1694e-14  9.5743e-15
 2.7027e+00  0.0000e+00 3  1.4007e-14  3.9554e-01  1.2926e-14  5.3971e-15
 2.6316e+00  0.0000e+00 3  1.2690e-14  1.2831e-01  1.2585e-14  1.6237e-15
 2.5641e+00  0.0000e+00 3  1.1368e-14 -1.4241e-01  1.1253e-14 -1.6134e-15
 2.5000e+00  0.0000e+00 3  1.0139e-14 -4.2516e-01  9.2366e-15 -4.1821e-15
 2.4390e+00  0.0000e+00 3  9.0365e-15 -7.2310e-01  6.7752e-15 -5.9795e-15
 2.3810e+00  0.0000e+00 3  8.0727e-15 -1.0376e+00  4.1033e-15 -6.9521e-15
 2.3256e+00  0.0000e+00 3  7.2535e-15 -1.3687e+00  1.4560e-15 -7.1059e-15
 2.2727e+00  0.0000e+00 3  6.5797e-15 -1.7147e+00 -9.4336e-16 -6.5117e-15
 2.2222e+00  0.0000e+00 3  6.0439e-15 -2.0717e+00 -2.9026e-15 -5.3013e-15
 2.1739e+00  0.0000e+00 3  5.6286e-15 -2.4345e+00 -4.2791e-15 -3.6565e-15
 2.1277e+00  0.0000e+00 3  5.3068e-15 -2.7972e+00 -4.9951e-15 -1.7919e-15
 2.0833e+00  0.0000e+00 3  5.0458e-15  3.1281e+00 -5.0453e-15  6.7958e-17
 2.0408e+00  0.0000e+00 3  4.8126e-15  2.7776e+00 -4.4972e-15  1.7134e-15
 2.0000e+00  0.0000e+00 3  4.5789e-15  2.4348e+00 -3.4820e-15  2.9736e-15
 5.0000e+01  0.0000e+00 4  0.0000e+00  0.0000e+00  0.0000e+00  0.0000e+00
 3.3333e+01  0.0000e+00 4  0.0000e+00  0.0000e+00  0.0000e+00  0.0000e+00
 2.5000e+01  0.0000e+00 4  3.7114e-09 -1.6960e-03  3.7114e-09 -6.2947e-12
 2.0000e+01  0.0000e+00 4  3.5172e-09 -1.2960e-03  3.5172e-09 -4.5583e-12
 1.6667e+01  0.0000e+00 4  2.7998e-09 -3.0119e-04  2.7998e-09 -8.4327e-13
 1.4286e+01  0.0000e+00 4  2.1102e-09  1.3138e-03  2.1102e-09  2.7723e-12
 1.2500e+01  0.0000e+00 4  1.5164e-09  3.4543e-03  1.5164e-09  5.2382e-12
 1.1111e+01  0.0000e+00 4  1.0449e-09  6.0745e-03  1.0449e-09  6.3472e-12
 1.0000e+01  0.0000e+00 4  6.9031e-10  9.3032e-03  6.9028e-10  6.4220e-12
 9.0909e+00  0.0000e+00 4  4.3579e-10  1.3425e-02  4.3575e-10  5.8504e-12
 8.3333e+00  0.0000e+00 4  2.6188e-10  1.8952e-02  2.6183e-10  4.9628e-12
 7.6923e+00  0.0000e+00 4  1.4985e-10  2.8070e-02  1.4979e-10  4.2058e-12
 7.1429e+00  0.0000e+00 4  8.0941e-11  3.5953e-02  8.0889e-11  2.9095e-12
 6.6667e+00  0.0000e+00 4  4.1166e-11  4.8734e-02  4.1117e-11  2.0054e-12
 6.2500e+00  0.0000e+00 4  1.9486e-11  6.8718e-02  1.9440e-11  1.3380e-12
 5.8824e+00  0.0000e+00 4  8.3201e-12  1.0370e-01  8.2754e-12  8.6126e-13
 5.5556e+00  0.0000e+00 4  2.9234e-12  1.8619e-01  2.8729e-12  5.4117e-13
 5.2632e+00  0.0000e+00 4  5.7731e-13  6.2111e-01  4.6948e-13  3.3596e-13
 5.0000e+00  0.0000e+00 4  4.9147e-13  2.7054e+00 -4.4545e-13  2.0764e-13
 4.7619e+00  0.0000e+00 4  6.7633e-13  2.9516e+00 -6.6416e-13  1.2770e-13
 4.5455e+00  0.0000e+00 4  5.9736e-13  3.0116e+00 -5.9232e-13  7.7438e-14
 4.3478e+00  0.0000e+00 4  4.3444e-13  3.0363e+00 -4.3204e-13  4.5644e-14
 4.1667e+00  0.0000e+00 4  2.7749e-13  3.0486e+00 -2.7629e-13  2.5765e-14
 4.0000e+00  0.0000e+00 4  1.5940e-13  3.0553e+00 -1.5881e-13  1.3740e-14
 3.8462e+00  0.0000e+00 4  8.3230e-14  3.0601e+00 -8.2954e-14  6.7725e-15
 3.7037e+00  0.0000e+00 4  4.0265e-14  3.0818e+00 -4.0193e-14  2.4080e-15
 3.5714e+00  0.0000e+00 4  1.8102e-14  3.0542e+00 -1.8032e-14  1.5801e-15
 3.4483e+00  0.0000e+00 4  7.5431e-15  3.0319e+00 -7.4978e-15  8.2561e-16
 3.3333e+00  0.0000e+00 4  2.9995e-15  2.9957e+00 -2.9676e-15  4.3619e-16
 3.2258e+00  0.0000e+00 4  1.1623e-15  2.9092e+00 -1.1310e-15  2.6771e-16
 3.1250e+00  0.0000e+00 4  4.4777e-16  2.7039e+00 -4.0557e-16  1.8977e-16
 3.0303e+00  0.0000e+00 4  1.8688e-16  2.2437e+00 -1.1648e-16  1.4614e-16
 2.9412e+00  0.0000e+00 4  1.1454e-16  1.5405e+00  3.4694e-18  1.1449e-16
 2.8571e+00  0.0000e+00 4  1.0297e-16  9.9881e-01  5.5737e-17  8.6577e-17
 2.7778e+00  0.0000e+00 4  9.8764e-17  6.4976e-01  7.8638e-17  5.9752e-17
 2.7027e+00  0.0000e+00 4  9.3125e-17  3.6984e-01  8.6828e-17  3.3661e-17
 2.6316e+00  0.0000e+00 4  8.6464e-17  1.0358e-01  8.6001e-17  8.9400e-18
 2.5641e+00  0.0000e+00 4  7.9676e-17 -1.6840e-01  7.8548e-17 -1.3354e-17
 2.5000e+00  0.0000e+00 4  7.3226e-17 -4.5290e-01  6.5844e-17 -3.2042e-17
 2.4390e+00  0.0000e+00 4  6.7329e-17 -7.5270e-01  4.9139e-17 -4.6027e-17
 2.3810e+00  0.0000e+00 4  6.2113e-17 -1.0691e+00  2.9869e-17 -5.4460e-17
 2.3256e+00  0.0000e+00 4  5.7687e-17 -1.4022e+00  9.6794e-18 -5.6869e-17
 2.2727e+00  0.0000e+00 4  5.4135e-17 -1.7502e+00 -9.6600e-18 -5.3266e-17
 2.2222e+00  0.0000e+00 4  5.1487e-17 -2.1093e+00 -2.6406e-17 -4.4200e-17
 2.1739e+00  0.0000e+00 4  4.9687e-17 -2.4742e+00 -3.9025e-17 -3.0754e-17
 2.1277e+00  0.0000e+00 4  4.8581e-17 -2.8390e+00 -4.6373e-17 -1.4479e-17
 2.0833e+00  0.0000e+00 4  4.7937e-17  3.0842e+00 -4.7857e-17  2.7517e-18
 2.0408e+00  0.0000e+00 4  4.7481e-17  2.7314e+00 -4.3543e-17  1.8935e-17
 2.0000e+00  0.0000e+00 4  4.6948e-17  2.3863e+00 -3.4182e-17  3.2182e-17
 5.0000e+01  0.0000e+00 5  0.0000e+00  0.0000e+00  0.0000e+00  0.0000e+00
 3.3333e+01  0.0000e+00 5  0.0000e+00  0.0000e+00  0.0000e+00  0.0000e+00
 2.5000e+01  0.0000e+00 5  5.3765e-04 -1.4727e+00  5.2662e-05 -5.3507e-04
 2.0000e+01  0.0000e+00 5  4.1199e-04 -1.5190e+00  2.1326e-05 -4.1143e-04
 1.6667e+01  0.0000e+00 5  3.4272e-04 -1.5388e+00  1.0954e-05 -3.4255e-04
 1.4286e+01  0.0000e+00 5  3.1764e-04 -1.5423e+00  9.0366e-06 -3.1751e-04
 1.2500e+01  0.0000e+00 5  3.0273e-04 -1.5368e+00  1.0292e-05 -3.0256e-04
 1.1111e+01  0.0000e+00 5  2.8741e-04 -1.5200e+00  1.4592e-05 -2.8704e-04
 1.0000e+01  0.0000e+00 5  2.6736e-04 -1.4877e+00  2.2199e-05 -2.6644e-04
 9.0909e+00  0.0000e+00 5  2.4101e-04 -1.4370e+00  3.2152e-05 -2.3885e-04
 8.3333e+00  0.0000e+00 5  2.0861e-04 -1.3713e+00  4.1346e-05 -2.0447e-04
 7.6923e+00  0.0000e+00 5  1.7251e-04 -1.3047e+00  4.5366e-05 -1.6643e-04
 7.1429e+00  0.0000e+00 5  1.3658e-04 -1.2496e+00  4.3119e-05 -1.2960e-04
 6.6667e+00  0.0000e+00 5  1.0394e-04 -1.2033e+00  3.7345e-05 -9.6997e-05
 6.2500e+00  0.0000e+00 5  7.6653e-05 -1.1699e+00  2.9910e-05 -7.0577e-05
 5.8824e+00  0.0000e+00 5  5.5561e-05 -1.1539e+00  2.2496e-05 -5.0803e-05
 5.5556e+00  0.0000e+00 5  4.0468e-05 -1.1591e+00  1.6195e-05 -3.7086e-05
 5.2632e+00  0.0000e+00 5  3.0618e-05 -1.1905e+00  1.1364e-05 -2.8431e-05
 5.0000e+00  0.0000e+00 5  2.5132e-05 -1.2558e+00  7.7856e-06 -2.3896e-05
 4.7619e+00  0.0000e+00 5  2.3327e-05 -1.3601e+00  4.8782e-06 -2.2812e-05
 4.5455e+00  0.0000e+00 5  2.4934e-05 -1.4993e+00  1.7818e-06 -2.4870e-05
 4.3478e+00  0.0000e+00 5  3.0364e-05 -1.6625e+00 -2.7802e-06 -3.0237e-05
 4.1667e+00  0.0000e+00 5  4.1439e-05 -1.8439e+00 -1.1178e-05 -3.9903e-05
 4.0000e+00  0.0000e+00 5  6.4180e-05 -2.0522e+00 -2.9717e-05 -5.6886e-05
 3.8462e+00  0.0000e+00 5  1.2521e-04 -2.3423e+00 -8.7304e-05 -8.9758e-05
 3.7037e+00  0.0000e+00 5  4.5524e-04  2.8319e+00 -4.3358e-04  1.3874e-04
 3.5714e+00  0.0000e+00 5  1.6186e-04  1.3359e+00  3.7670e-05  1.5742e-04
 3.4483e+00  0.0000e+00 5  1.0160e-04  7.3550e-01  7.5332e-05  6.8167e-05
 3.3333e+00  0.0000e+00 5  6.6444e-05  4.6026e-01  5.9530e-05  2.9513e-05
 3.2258e+00  0.0000e+00 5  4.9876e-05  2.2920e-01  4.8572e-05  1.1332e-05
 3.1250e+00  0.0000e+00 5  3.9928e-05  6.6847e-03  3.9927e-05  2.6691e-07
 3.0303e+00  0.0000e+00 5  3.3113e-05 -2.1570e-01  3.2346e-05 -7.0873e-06
 2.9412e+00  0.0000e+00 5  2.8036e-05 -4.4140e-01  2.5349e-05 -1.1977e-05
 2.8571e+00  0.0000e+00 5  2.4029e-05 -6.7242e-01  1.8798e-05 -1.4967e-05
 2.7778e+00  0.0000e+00 5  2.0738e-05 -9.1035e-01  1.2722e-05 -1.6377e-05
 2.7027e+00  0.0000e+00 5  1.7960e-05 -1.1567e+00  7.2262e-06 -1.6442e-05
 2.6316e+00  0.0000e+00 5  1.5574e-05 -1.4131e+00  2.4453e-06 -1.5381e-05
 2.5641e+00  0.0000e+00 5  1.3508e-05 -1.6814e+00 -1.4907e-06 -1.3426e-05
 2.5000e+00  0.0000e+00 5  1.1717e-05 -1.9633e+00 -4.4816e-06 -1.0826e-05
 2.4390e+00  0.0000e+00 5  1.0175e-05 -2.2605e+00 -6.4748e-06 -7.8497e-06
 2.3810e+00  0.0000e+00 5  8.8655e-06 -2.5742e+00 -7.4765e-06 -4.7643e-06
 2.3256e+00  0.0000e+00 5  7.7740e-06 -2.9045e+00 -7.5566e-06 -1.8257e-06
 2.2727e+00  0.0000e+00 5  6.8856e-06  3.0335e+00 -6.8455e-06  7.4285e-07
 2.2222e+00  0.0000e+00 5  6.1790e-06  2.6772e+00 -5.5247e-06  2.7672e-06
 2.1739e+00  0.0000e+00 5  5.6244e-06  2.3153e+00 -3.8111e-06  4.1364e-06
 2.1277e+00  0.0000e+00 5  5.1855e-06  1.9534e+00 -1.9360e-06  4.8105e-06
 2.0833e+00  0.0000e+00 5  4.8234e-06  1.5963e+00 -1.2311e-07  4.8218e-06
 2.0408e+00  0.0000e+00 5  4.5026e-06  1.2466e+00  1.4344e-06  4.2680e-06
 2.0000e+00  0.0000e+00 5  4.1945e-06  9.0458e-01  2.5923e-06  3.2976e-06
 5.0000e+01  0.0000e+00 6  0.0000e+00  0.0000e+00  0.0000e+00  0.0000e+00
 3.3333e+01  0.0000e+00 6  0.0000e+00  0.0000e+00  0.0000e+00  0.0000e+00
 2.5000e+01  0.0000e+00 6  7.3278e-09 -1.2885e-02  7.3272e-09 -9.4412e-11
 2.0000e+01  0.0000e+00 6  1.0853e-08 -1.3789e-02  1.0852e-08 -1.4964e-10
 1.6667e+01  0.0000e+00 6  1.3237e-08 -1.6405e-02  1.3235e-08 -2.1715e-10
 1.4286e+01  0.0000e+00 6  1.4731e-08 -2.0100e-02  1.4728e-08 -2.9607e-10
 1.2500e+01  0.0000e+00 6  1.5428e-08 -2.5699e-02  1.5423e-08 -3.9645e-10
 1.1111e+01  0.0000e+00 6  1.5649e-08 -3.5118e-02  1.5639e-08 -5.4946e-10
 1.0000e+01  0.0000e+00 6  1.5864e-08 -5.2769e-02  1.5842e-08 -8.3675e-10
 9.0909e+00  0.0000e+00 6  1.7052e-08 -9.2627e-02  1.6979e-08 -1.5772e-09
 8.3333e+00  0.0000e+00 6  2.3557e-08 -2.3458e-01  2.2912e-08 -5.4755e-09
 7.6923e+00  0.0000e+00 6  3.6693e-08 -2.1360e+00 -1.9653e-08 -3.0986e-08
 7.1429e+00  0.0000e+00 6  8.9116e-09 -2.5908e+00 -7.5936e-09 -4.6641e-09
 6.6667e+00  0.0000e+00 6  2.1178e-09 -2.9557e+00 -2.0814e-09 -3.9134e-10
 6.2500e+00  0.0000e+00 6  6.6690e-10 -2.9967e+00 -6.5991e-10 -9.6315e-11
 5.8824e+00  0.0000e+00 6  2.0523e-10 -3.0036e+00 -2.0328e-10 -2.8238e-11
 5.5556e+00  0.0000e+00 6  4.5930e-11 -2.9672e+00 -4.5233e-11 -7.9702e-12
 5.2632e+00  0.0000e+00 6  6.9191e-12 -2.5107e-01  6.7022e-12 -1.7190e-12
 5.0000e+00  0.0000e+00 6  1.9765e-11 -3.7003e-03  1.9765e-11 -7.3137e-14
 4.7619e+00  0.0000e+00 6  1.9240e-11  3.9230e-03  1.9240e-11  7.5481e-14
 4.5455e+00  0.0000e+00 6  1.4858e-11 -1.2018e-02  1.4857e-11 -1.7855e-13
 4.3478e+00  0.0000e+00 6  1.0261e-11 -4.4534e-02  1.0251e-11 -4.5680e-13
 4.1667e+00  0.0000e+00 6  6.6079e-12 -9.7166e-02  6.5767e-12 -6.4105e-13
 4.0000e+00  0.0000e+00 6  4.0366e-12 -1.7209e-01  3.9770e-12 -6.9125e-13
 3.8462e+00  0.0000e+00 6  2.2659e-12 -2.2499e-01  2.2088e-12 -5.0553e-13
 3.7037e+00  0.0000e+00 6  2.2906e-12  4.0923e-01  2.1015e-12  9.1146e-13
 3.5714e+00  0.0000e+00 6  1.8232e-12 -5.3445e-01  1.5690e-12 -9.2870e-13
 3.4483e+00  0.0000e+00 6  1.2930e-12 -8.8589e-01  8.1798e-13 -1.0014e-12
 3.3333e+00  0.0000e+00 6  9.3593e-13 -1.1207e+00  4.0718e-13 -8.4271e-13
 3.2258e+00  0.0000e+00 6  7.1696e-13 -1.3378e+00  1.6557e-13 -6.9758e-13
 3.1250e+00  0.0000e+00 6  5.6334e-13 -1.5516e+00  1.0817e-14 -5.6324e-13
 3.0303e+00  0.0000e+00 6  4.4839e-13 -1.7672e+00 -8.7505e-14 -4.3977e-13
 2.9412e+00  0.0000e+00 6  3.5938e-13 -1.9874e+00 -1.4541e-13 -3.2865e-13
 2.8571e+00  0.0000e+00 6  2.8910e-13 -2.2138e+00 -1.7335e-13 -2.3137e-13
 2.7778e+00  0.0000e+00 6  2.3294e-13 -2.4480e+00 -1.7912e-13 -1.4893e-13
 2.7027e+00  0.0000e+00 6  1.8775e-13 -2.6912e+00 -1.6902e-13 -8.1738e-14
 2.6316e+00  0.0000e+00 6  1.5125e-13 -2.9449e+00 -1.4833e-13 -2.9560e-14
 2.5641e+00  0.0000e+00 6  1.2176e-13  3.0724e+00 -1.2147e-13  8.4192e-15
 2.5000e+00  0.0000e+00 6  9.8012e-14  2.7926e+00 -9.2103e-14  3.3517e-14
 2.4390e+00  0.0000e+00 6  7.8996e-14  2.4972e+00 -6.3157e-14  4.7451e-14
 2.3810e+00  0.0000e+00 6  6.3906e-14  2.1853e+00 -3.6844e-14  5.2216e-14
 2.3256e+00  0.0000e+00 6  5.2064e-14  1.8566e+00 -1.4680e-14  4.9952e-14
 2.2727e+00  0.0000e+00 6  4.2875e-14  1.5130e+00  2.4759e-15  4.2804e-14
 2.2222e+00  0.0000e+00 6  3.5801e-14  1.1582e+00  1.4356e-14  3.2797e-14
 2.1739e+00  0.0000e+00 6  3.0350e-14  7.9759e-01  2.1197e-14  2.1721e-14
 2.1277e+00  0.0000e+00 6  2.6083e-14  4.3698e-01  2.3632e-14  1.1039e-14
 2.0833e+00  0.0000e+00 6  2.2638e-14  8.1083e-02  2.2563e-14  1.8335e-15
 2.0408e+00  0.0000e+00 6  1.9736e-14 -2.6748e-01  1.9034e-14 -5.2162e-15
 2.0000e+00  0.0000e+00 6  1.7186e-14 -6.0828e-01  1.4104e-14 -9.8213e-15
