 5.0000e+01  0.0000e+00 1  0.0000e+00  0.0000e+00  0.0000e+00  0.0000e+00
 3.5714e+01  0.0000e+00 1  1.0266e+00 -1.5071e+00  6.5302e-02 -1.0245e+00
 2.7778e+01  0.0000e+00 1  1.8538e+00 -1.5300e+00  7.5619e-02 -1.8522e+00
 2.2727e+01  0.0000e+00 1  1.3234e+00 -1.5446e+00  3.4686e-02 -1.3229e+00
 1.9231e+01  0.0000e+00 1  1.0310e+00 -1.5518e+00  1.9543e-02 -1.0308e+00
 1.6667e+01  0.0000e+00 1  8.5211e-01 -1.5552e+00  1.3253e-02 -8.5200e-01
 1.4706e+01  0.0000e+00 1  7.2799e-01 -1.5564e+00  1.0447e-02 -7.2792e-01
 1.3158e+01  0.0000e+00 1  6.3316e-01 -1.5555e+00  9.6811e-03 -6.3308e-01
 1.1905e+01  0.0000e+00 1  5.5810e-01 -1.5511e+00  1.0996e-02 -5.5799e-01
 1.0870e+01  0.0000e+00 1  4.9377e-01 -1.5420e+00  1.4219e-02 -4.9357e-01
 1.0000e+01  0.0000e+00 1  4.3793e-01 -1.5259e+00  1.9636e-02 -4.3749e-01
 9.2593e+00  0.0000e+00 1  3.8833e-01 -1.5010e+00  2.7095e-02 -3.8738e-01
 8.6207e+00  0.0000e+00 1  3.4316e-01 -1.4661e+00  3.5871e-02 -3.4128e-01
 8.0645e+00  0.0000e+00 1  3.0168e-01 -1.4221e+00  4.4680e-02 -2.9836e-01
 7.5758e+00  0.0000e+00 1  2.6275e-01 -1.3729e+00  5.1667e-02 -2.5762e-01
 7.1429e+00  0.0000e+00 1  2.2647e-01 -1.3264e+00  5.4797e-02 -2.1974e-01
 6.7568e+00  0.0000e+00 1  1.9338e-01 -1.2895e+00  5.3688e-02 -1.8578e-01
 6.4103e+00  0.0000e+00 1  1.6348e-01 -1.2569e+00  5.0469e-02 -1.5549e-01
 6.0976e+00  0.0000e+00 1  1.3728e-01 -1.2330e+00  4.5494e-02 -1.2952e-01
 5.8140e+00  0.0000e+00 1  1.1416e-01 -1.2169e+00  3.9563e-02 -1.0708e-01
 5.5556e+00  0.0000e+00 1  9.3998e-02 -1.2101e+00  3.3172e-02 -8.7951e-02
 5.3191e+00  0.0000e+00 1  7.4936e-02 -1.1877e+00  2.8012e-02 -6.9504e-02
 5.1020e+00  0.0000e+00 1  7.5843e-02 -1.1508e+00  3.0928e-02 -6.9251e-02
 4.9020e+00  0.0000e+00 1  5.8158e-02 -1.2696e+00  1.7252e-02 -5.5541e-02
 4.7170e+00  0.0000e+00 1  4.7370e-02 -1.3189e+00  1.1807e-02 -4.5874e-02
 4.5455e+00  0.0000e+00 1  3.9240e-02 -1.3741e+00  7.6705e-03 -3.8483e-02
 4.3860e+00  0.0000e+00 1  3.2738e-02 -1.4384e+00  4.3215e-03 -3.2452e-02
 4.2373e+00  0.0000e+00 1  2.7406e-02 -1.5129e+00  1.5852e-03 -2.7360e-02
 4.0984e+00  0.0000e+00 1  2.3111e-02 -1.5942e+00 -5.4041e-04 -2.3104e-02
 3.9683e+00  0.0000e+00 1  1.9540e-02 -1.6846e+00 -2.2185e-03 -1.9414e-02
 3.8462e+00  0.0000e+00 1  1.6599e-02 -1.7818e+00 -3.4769e-03 -1.6230e-02
 3.7313e+00  0.0000e+00 1  1.4159e-02 -1.8854e+00 -4.3809e-03 -1.3464e-02
 3.6232e+00  0.0000e+00 1  1.2112e-02 -1.9968e+00 -5.0047e-03 -1.1029e-02
 3.5211e+00  0.0000e+00 1  1.0410e-02 -2.1111e+00 -5.3551e-03 -8.9276e-03
 3.4247e+00  0.0000e+00 1  8.9692e-03 -2.2325e+00 -5.5112e-03 -7.0762e-03
 3.3333e+00  0.0000e+00 1  7.7505e-03 -2.3581e+00 -5.4910e-03 -5.4698e-03
 3.2468e+00  0.0000e+00 1  6.7140e-03 -2.4877e+00 -5.3293e-03 -4.0838e-03
 5.0000e+01  0.0000e+00 2  0.0000e+00  0.0000e+00  0.0000e+00  0.0000e+00
 3.5714e+01  0.0000e+00 2  0.0000e+00  0.0000e+00  0.0000e+00  0.0000e+00
 2.7778e+01  0.0000e+00 2  0.0000e+00  0.0000e+00  0.0000e+00  0.0000e+00
 2.2727e+01  0.0000e+00 2  0.0000e+00  0.0000e+00  0.0000e+00  0.0000e+00
 1.9231e+01  0.0000e+00 2  0.0000e+00  0.0000e+00  0.0000e+00  0.0000e+00
 1.6667e+01  0.0000e+00 2  0.0000e+00  0.0000e+00  0.0000e+00  0.0000e+00
 1.4706e+01  0.0000e+00 2  0.0000e+00  0.0000e+00  0.0000e+00  0.0000e+00
 1.3158e+01  0.0000e+00 2  0.0000e+00  0.0000e+00  0.0000e+00  0.0000e+00
 1.1905e+01  0.0000e+00 2  0.0000e+00  0.0000e+00  0.0000e+00  0.0000e+00
 1.0870e+01  0.0000e+00 2  0.0000e+00  0.0000e+00  0.0000e+00  0.0000e+00
 1.0000e+01  0.0000e+00 2  0.0000e+00  0.0000e+00  0.0000e+00  0.0000e+00
 9.2593e+00  0.0000e+00 2  0.0000e+00  0.0000e+00  0.0000e+00  0.0000e+00
 8.6207e+00  0.0000e+00 2  0.0000e+00  0.0000e+00  0.0000e+00  0.0000e+00
 8.0645e+00  0.0000e+00 2  0.0000e+00  0.0000e+00  0.0000e+00  0.0000e+00
 7.5758e+00  0.0000e+00 2  0.0000e+00  0.0000e+00  0.0000e+00  0.0000e+00
 7.1429e+00  0.0000e+00 2  0.0000e+00  0.0000e+00  0.0000e+00  0.0000e+00
 6.7568e+00  0.0000e+00 2  0.0000e+00  0.0000e+00  0.0000e+00  0.0000e+00
 6.4103e+00  0.0000e+00 2  0.0000e+00  0.0000e+00  0.0000e+00  0.0000e+00
 6.0976e+00  0.0000e+00 2  0.0000e+00  0.0000e+00  0.0000e+00  0.0000e+00
 5.8140e+00  0.0000e+00 2  0.0000e+00  0.0000e+00  0.0000e+00  0.0000e+00
 5.5556e+00  0.0000e+00 2  0.0000e+00  0.0000e+00  0.0000e+00  0.0000e+00
 5.3191e+00  0.0000e+00 2  0.0000e+00  0.0000e+00  0.0000e+00  0.0000e+00
 5.1020e+00  0.0000e+00 2  0.0000e+00  0.0000e+00  0.0000e+00  0.0000e+00
 4.9020e+00  0.0000e+00 2  0.0000e+00  0.0000e+00  0.0000e+00  0.0000e+00
 4.7170e+00  0.0000e+00 2  0.0000e+00  0.0000e+00  0.0000e+00  0.0000e+00
 4.5455e+00  0.0000e+00 2  0.0000e+00  0.0000e+00  0.0000e+00  0.0000e+00
 4.3860e+00  0.0000e+00 2  0.0000e+00  0.0000e+00  0.0000e+00  0.0000e+00
 4.2373e+00  0.0000e+00 2  0.0000e+00  0.0000e+00  0.0000e+00  0.0000e+00
 4.0984e+00  0.0000e+00 2  0.0000e+00  0.0000e+00  0.0000e+00  0.0000e+00
 3.9683e+00  0.0000e+00 2  0.0000e+00  0.0000e+00  0.0000e+00  0.0000e+00
 3.8462e+00  0.0000e+00 2  0.0000e+00  0.0000e+00  0.0000e+00  0.0000e+00
 3.7313e+00  0.0000e+00 2  0.0000e+00  0.0000e+00  0.0000e+00  0.0000e+00
 3.6232e+00  0.0000e+00 2  0.0000e+00  0.0000e+00  0.0000e+00  0.0000e+00
 3.5211e+00  0.0000e+00 2  0.0000e+00  0.0000e+00  0.0000e+00  0.0000e+00
 3.4247e+00  0.0000e+00 2  0.0000e+00  0.0000e+00  0.0000e+00  0.0000e+00
 3.3333e+00  0.0000e+00 2  0.0000e+00  0.0000e+00  0.0000e+00  0.0000e+00
 3.2468e+00  0.0000e+00 2  0.0000e+00  0.0000e+00  0.0000e+00  0.0000e+00
 5.0000e+01  0.0000e+00 3  0.0000e+00  0.0000e+00  0.0000e+00  0.0000e+00
 3.5714e+01  0.0000e+00 3  3.2505e-06 -4.2052e-02  3.2476e-06 -1.3665e-07
 2.7778e+01  0.0000e+00 3  8.1711e-06 -1.4895e-02  8.1702e-06 -1.2170e-07
 2.2727e+01  0.0000e+00 3  7.0711e-06 -3.6870e-03  7.0711e-06 -2.6071e-08
 1.9231e+01  0.0000e+00 3  5.5474e-06  1.7495e-03  5.5473e-06  9.7050e-09
 1.6667e+01  0.0000e+00 3  3.9103e-06  5.6861e-03  3.9103e-06  2.2234e-08
 1.4706e+01  0.0000e+00 3  2.4013e-06  8.3020e-03  2.4012e-06  1.9935e-08
 1.3158e+01  0.0000e+00 3  1.1433e-06  3.7765e-03  1.1433e-06  4.3177e-09
 1.1905e+01  0.0000e+00 3  2.5674e-07 -1.0823e-01  2.5524e-07 -2.7733e-08
 1.0870e+01  0.0000e+00 3  3.3194e-07 -2.9184e+00 -3.2371e-07 -7.3461e-08
 1.0000e+01  0.0000e+00 3  6.2815e-07 -2.9330e+00 -6.1454e-07 -1.3007e-07
 9.2593e+00  0.0000e+00 3  7.1065e-07 -2.8762e+00 -6.8578e-07 -1.8637e-07
 8.6207e+00  0.0000e+00 3  6.5419e-07 -2.7857e+00 -6.1319e-07 -2.2794e-07
 8.0645e+00  0.0000e+00 3  5.0626e-07 -2.6638e+00 -4.4957e-07 -2.3279e-07
 7.5758e+00  0.0000e+00 3  3.3507e-07 -2.5048e+00 -2.6940e-07 -1.9923e-07
 7.1429e+00  0.0000e+00 3  1.7881e-07 -2.2905e+00 -1.1787e-07 -1.3446e-07
 6.7568e+00  0.0000e+00 3  6.9270e-08 -1.8828e+00 -2.1264e-08 -6.5926e-08
 6.4103e+00  0.0000e+00 3  2.6386e-08 -5.6580e-01  2.2274e-08 -1.4145e-08
 6.0976e+00  0.0000e+00 3  5.6027e-09  9.5187e-01  3.2505e-09  4.5634e-09
 5.8140e+00  0.0000e+00 3  9.3470e-08 -2.9829e+00 -9.2296e-08 -1.4770e-08
 5.5556e+00  0.0000e+00 3  4.2964e-07 -2.9246e+00 -4.1957e-07 -9.2493e-08
 5.3191e+00  0.0000e+00 3  3.9416e-06  2.7561e+00 -3.6524e-06  1.4820e-06
 5.1020e+00  0.0000e+00 3  1.4234e-05 -1.1479e+00  5.8417e-06 -1.2980e-05
 4.9020e+00  0.0000e+00 3  1.0049e-06 -2.2175e+00 -6.0545e-07 -8.0197e-07
 4.7170e+00  0.0000e+00 3  2.0000e-07 -2.5150e+00 -1.6200e-07 -1.1729e-07
 4.5455e+00  0.0000e+00 3  6.5333e-08 -2.6597e+00 -5.7893e-08 -3.0278e-08
 4.3860e+00  0.0000e+00 3  2.3089e-08 -2.7923e+00 -2.1695e-08 -7.9024e-09
 4.2373e+00  0.0000e+00 3  7.3382e-09 -2.9298e+00 -7.1743e-09 -1.5423e-09
 4.0984e+00  0.0000e+00 3  2.1190e-09 -3.0111e+00 -2.1010e-09 -2.7572e-10
 3.9683e+00  0.0000e+00 3  2.9185e-10 -2.9649e+00 -2.8730e-10 -5.1313e-11
 3.8462e+00  0.0000e+00 3  4.7541e-11  2.0240e+00 -2.0814e-11  4.2742e-11
 3.7313e+00  0.0000e+00 3  3.8699e-10  2.1527e+00 -2.1268e-10  3.2330e-10
 3.6232e+00  0.0000e+00 3  8.7122e-10  2.0638e+00 -4.1230e-10  7.6748e-10
 3.5211e+00  0.0000e+00 3  1.3362e-09  1.8692e+00 -3.9283e-10  1.2771e-09
 3.4247e+00  0.0000e+00 3  1.7259e-09  1.6548e+00 -1.4486e-10  1.7199e-09
 3.3333e+00  0.0000e+00 3  2.0174e-09  1.4176e+00  3.0787e-10  1.9937e-09
 3.2468e+00  0.0000e+00 3  2.2110e-09  1.1661e+00  8.7063e-10  2.0324e-09
 5.0000e+01  0.0000e+00 4  0.0000e+00  0.0000e+00  0.0000e+00  0.0000e+00
 3.5714e+01  0.0000e+00 4  0.0000e+00  0.0000e+00  0.0000e+00  0.0000e+00
 2.7778e+01  0.0000e+00 4  0.0000e+00 -0.0000e+00  0.0000e+00 -0.0000e+00
 2.2727e+01  0.0000e+00 4  0.0000e+00  0.0000e+00  0.0000e+00  0.0000e+00
 1.9231e+01  0.0000e+00 4  0.0000e+00  0.0000e+00  0.0000e+00  0.0000e+00
 1.6667e+01  0.0000e+00 4  0.0000e+00  0.0000e+00  0.0000e+00  0.0000e+00
 1.4706e+01  0.0000e+00 4  0.0000e+00  0.0000e+00  0.0000e+00  0.0000e+00
 1.3158e+01  0.0000e+00 4  0.0000e+00 -0.0000e+00  0.0000e+00 -0.0000e+00
 1.1905e+01  0.0000e+00 4  0.0000e+00  0.0000e+00  0.0000e+00  0.0000e+00
 1.0870e+01  0.0000e+00 4  0.0000e+00  0.0000e+00  0.0000e+00  0.0000e+00
 1.0000e+01  0.0000e+00 4  0.0000e+00  0.0000e+00  0.0000e+00  0.0000e+00
 9.2593e+00  0.0000e+00 4  0.0000e+00  0.0000e+00  0.0000e+00  0.0000e+00
 8.6207e+00  0.0000e+00 4  0.0000e+00 -0.0000e+00  0.0000e+00 -0.0000e+00
 8.0645e+00  0.0000e+00 4  0.0000e+00  0.0000e+00  0.0000e+00  0.0000e+00
 7.5758e+00  0.0000e+00 4  0.0000e+00  0.0000e+00  0.0000e+00  0.0000e+00
 7.1429e+00  0.0000e+00 4  0.0000e+00  0.0000e+00  0.0000e+00  0.0000e+00
 6.7568e+00  0.0000e+00 4  0.0000e+00  0.0000e+00  0.0000e+00  0.0000e+00
 6.4103e+00  0.0000e+00 4  0.0000e+00 -0.0000e+00  0.0000e+00 -0.0000e+00
 6.0976e+00  0.0000e+00 4  0.0000e+00  0.0000e+00  0.0000e+00  0.0000e+00
 5.8140e+00  0.0000e+00 4  0.0000e+00  0.0000e+00  0.0000e+00  0.0000e+00
 5.5556e+00  0.0000e+00 4  0.0000e+00  0.0000e+00  0.0000e+00  0.0000e+00
 5.3191e+00  0.0000e+00 4  0.0000e+00  0.0000e+00  0.0000e+00  0.0000e+00
 5.1020e+00  0.0000e+00 4  0.0000e+00  0.0000e+00  0.0000e+00  0.0000e+00
 4.9020e+00  0.0000e+00 4  0.0000e+00  0.0000e+00  0.0000e+00  0.0000e+00
 4.7170e+00  0.0000e+00 4  0.0000e+00  0.0000e+00  0.0000e+00  0.0000e+00
 4.5455e+00  0.0000e+00 4  0.0000e+00  0.0000e+00  0.0000e+00  0.0000e+00
 4.3860e+00  0.0000e+00 4  0.0000e+00  0.0000e+00  0.0000e+00  0.0000e+00
 4.2373e+00  0.0000e+00 4  0.0000e+00  0.0000e+00  0.0000e+00  0.0000e+00
 4.0984e+00  0.0000e+00 4  0.0000e+00  0.0000e+00  0.0000e+00  0.0000e+00
 3.9683e+00  0.0000e+00 4  0.0000e+00  0.0000e+00  0.0000e+00  0.0000e+00
 3.8462e+00  0.0000e+00 4  0.0000e+00  0.0000e+00  0.0000e+00  0.0000e+00
 3.7313e+00  0.0000e+00 4  0.0000e+00  0.0000e+00  0.0000e+00  0.0000e+00
 3.6232e+00  0.0000e+00 4  0.0000e+00  0.0000e+00  0.0000e+00  0.0000e+00
 3.5211e+00  0.0000e+00 4  0.0000e+00  0.0000e+00  0.0000e+00  0.0000e+00
 3.4247e+00  0.0000e+00 4  0.0000e+00  0.0000e+00  0.0000e+00  0.0000e+00
 3.3333e+00  0.0000e+00 4  0.0000e+00  0.0000e+00  0.0000e+00  0.0000e+00
 3.2468e+00  0.0000e+00 4  0.0000e+00  0.0000e+00  0.0000e+00  0.0000e+00
 5.0000e+01  0.0000e+00 5  0.0000e+00  0.0000e+00  0.0000e+00  0.0000e+00
 3.5714e+01  0.0000e+00 5  2.7119e-04 -1.5157e+00  1.4926e-05 -2.7078e-04
 2.7778e+01  0.0000e+00 5  5.8518e-04 -1.5386e+00  1.8817e-05 -5.8488e-04
 2.2727e+01  0.0000e+00 5  5.4006e-04 -1.5529e+00  9.6792e-06 -5.3997e-04
 1.9231e+01  0.0000e+00 5  5.3124e-04 -1.5589e+00  6.3065e-06 -5.3120e-04
 1.6667e+01  0.0000e+00 5  5.3482e-04 -1.5610e+00  5.2401e-06 -5.3479e-04
 1.4706e+01  0.0000e+00 5  5.3865e-04 -1.5606e+00  5.4739e-06 -5.3863e-04
 1.3158e+01  0.0000e+00 5  5.3752e-04 -1.5580e+00  6.8856e-06 -5.3747e-04
 1.1905e+01  0.0000e+00 5  5.2646e-04 -1.5516e+00  1.0088e-05 -5.2636e-04
 1.0870e+01  0.0000e+00 5  5.0523e-04 -1.5405e+00  1.5321e-05 -5.0500e-04
 1.0000e+01  0.0000e+00 5  4.7267e-04 -1.5220e+00  2.3051e-05 -4.7211e-04
 9.2593e+00  0.0000e+00 5  4.2935e-04 -1.4940e+00  3.2932e-05 -4.2809e-04
 8.6207e+00  0.0000e+00 5  3.7713e-04 -1.4549e+00  4.3623e-05 -3.7460e-04
 8.0645e+00  0.0000e+00 5  3.1633e-04 -1.4044e+00  5.2401e-05 -3.1196e-04
 7.5758e+00  0.0000e+00 5  2.5055e-04 -1.3434e+00  5.6496e-05 -2.4410e-04
 7.1429e+00  0.0000e+00 5  1.8196e-04 -1.2738e+00  5.3244e-05 -1.7399e-04
 6.7568e+00  0.0000e+00 5  1.1340e-04 -1.1816e+00  4.3032e-05 -1.0491e-04
 6.4103e+00  0.0000e+00 5  4.6918e-05 -9.1349e-01  2.8667e-05 -3.7143e-05
 6.0976e+00  0.0000e+00 5  3.3885e-05  1.2395e+00  1.1021e-05  3.2042e-05
 5.8140e+00  0.0000e+00 5  1.1235e-04  1.6431e+00 -8.1149e-06  1.1205e-04
 5.5556e+00  0.0000e+00 5  2.3704e-04  1.6793e+00 -2.5664e-05  2.3565e-04
 5.3191e+00  0.0000e+00 5  6.6749e-04  1.4325e+00  9.1987e-05  6.6112e-04
 5.1020e+00  0.0000e+00 5  1.3776e-03 -5.7394e-01  1.1569e-03 -7.4797e-04
 4.9020e+00  0.0000e+00 5  3.5117e-04 -1.1248e+00  1.5147e-04 -3.1682e-04
 4.7170e+00  0.0000e+00 5  1.6183e-04 -1.2588e+00  4.9672e-05 -1.5402e-04
 4.5455e+00  0.0000e+00 5  9.2212e-05 -1.3319e+00  2.1823e-05 -8.9593e-05
 4.3860e+00  0.0000e+00 5  5.4687e-05 -1.3976e+00  9.4227e-06 -5.3869e-05
 4.2373e+00  0.0000e+00 5  3.1137e-05 -1.4635e+00  3.3339e-06 -3.0958e-05
 4.0984e+00  0.0000e+00 5  1.6212e-05 -1.5060e+00  1.0497e-06 -1.6178e-05
 3.9683e+00  0.0000e+00 5  5.7536e-06 -1.4544e+00  6.6841e-07 -5.7146e-06
 3.8462e+00  0.0000e+00 5  2.1608e-06  7.2338e-01  1.6197e-06  1.4303e-06
 3.7313e+00  0.0000e+00 5  7.0470e-06  1.0731e+00  3.3642e-06  6.1921e-06
 3.6232e+00  0.0000e+00 5  1.0773e-05  1.0312e+00  5.5354e-06  9.2419e-06
 3.5211e+00  0.0000e+00 5  1.3335e-05  9.3591e-01  7.9086e-06  1.0736e-05
 3.4247e+00  0.0000e+00 5  1.5173e-05  8.2799e-01  1.0262e-05  1.1176e-05
 3.3333e+00  0.0000e+00 5  1.6405e-05  7.0926e-01  1.2449e-05  1.0684e-05
 3.2468e+00  0.0000e+00 5  1.7182e-05  5.8341e-01  1.4340e-05  9.4654e-06
 5.0000e+01  0.0000e+00 6  0.0000e+00  0.0000e+00  0.0000e+00  0.0000e+00
 3.5714e+01  0.0000e+00 6  0.0000e+00  0.0000e+00  0.0000e+00  0.0000e+00
 2.7778e+01  0.0000e+00 6  0.0000e+00  0.0000e+00  0.0000e+00  0.0000e+00
 2.2727e+01  0.0000e+00 6  0.0000e+00  0.0000e+00  0.0000e+00  0.0000e+00
 1.9231e+01  0.0000e+00 6  0.0000e+00  0.0000e+00  0.0000e+00  0.0000e+00
 1.6667e+01  0.0000e+00 6  0.0000e+00  0.0000e+00  0.0000e+00  0.0000e+00
 1.4706e+01  0.0000e+00 6  0.0000e+00  0.0000e+00  0.0000e+00  0.0000e+00
 1.3158e+01  0.0000e+00 6  0.0000e+00  0.0000e+00  0.0000e+00  0.0000e+00
 1.1905e+01  0.0000e+00 6  0.0000e+00  0.0000e+00  0.0000e+00  0.0000e+00
 1.0870e+01  0.0000e+00 6  0.0000e+00  0.0000e+00  0.0000e+00  0.0000e+00
 1.0000e+01  0.0000e+00 6  0.0000e+00  0.0000e+00  0.0000e+00  0.0000e+00
 9.2593e+00  0.0000e+00 6  0.0000e+00  0.0000e+00  0.0000e+00  0.0000e+00
 8.6207e+00  0.0000e+00 6  0.0000e+00  0.0000e+00  0.0000e+00  0.0000e+00
 8.0645e+00  0.0000e+00 6  0.0000e+00  0.0000e+00  0.0000e+00  0.0000e+00
 7.5758e+00  0.0000e+00 6  0.0000e+00  0.0000e+00  0.0000e+00  0.0000e+00
 7.1429e+00  0.0000e+00 6  0.0000e+00  0.0000e+00  0.0000e+00  0.0000e+00
 6.7568e+00  0.0000e+00 6  0.0000e+00  0.0000e+00  0.0000e+00  0.0000e+00
 6.4103e+00  0.0000e+00 6  0.0000e+00  0.0000e+00  0.0000e+00  0.0000e+00
 6.0976e+00  0.0000e+00 6  0.0000e+00  0.0000e+00  0.0000e+00  0.0000e+00
 5.8140e+00  0.0000e+00 6  0.0000e+00  0.0000e+00  0.0000e+00  0.0000e+00
 5.5556e+00  0.0000e+00 6  0.0000e+00  0.0000e+00  0.0000e+00  0.0000e+00
 5.3191e+00  0.0000e+00 6  0.0000e+00  0.0000e+00  0.0000e+00  0.0000e+00
 5.1020e+00  0.0000e+00 6  0.0000e+00  0.0000e+00  0.0000e+00  0.0000e+00
 4.9020e+00  0.0000e+00 6  0.0000e+00  0.0000e+00  0.0000e+00  0.0000e+00
 4.7170e+00  0.0000e+00 6  0.0000e+00  0.0000e+00  0.0000e+00  0.0000e+00
 4.5455e+00  0.0000e+00 6  0.0000e+00  0.0000e+00  0.0000e+00  0.0000e+00
 4.3860e+00  0.0000e+00 6  0.0000e+00  0.0000e+00  0.0000e+00  0.0000e+00
 4.2373e+00  0.0000e+00 6  0.0000e+00  0.0000e+00  0.0000e+00  0.0000e+00
 4.0984e+00  0.0000e+00 6  0.0000e+00  0.0000e+00  0.0000e+00  0.0000e+00
 3.9683e+00  0.0000e+00 6  0.0000e+00  0.0000e+00  0.0000e+00  0.0000e+00
 3.8462e+00  0.0000e+00 6  0.0000e+00  0.0000e+00  0.0000e+00  0.0000e+00
 3.7313e+00  0.0000e+00 6  0.0000e+00  0.0000e+00  0.0000e+00  0.0000e+00
 3.6232e+00  0.0000e+00 6  0.0000e+00 -0.0000e+00  0.0000e+00 -0.0000e+00
 3.5211e+00  0.0000e+00 6  0.0000e+00  0.0000e+00  0.0000e+00  0.0000e+00
 3.4247e+00  0.0000e+00 6  0.0000e+00  0.0000e+00  0.0000e+00  0.0000e+00
 3.3333e+00  0.0000e+00 6  0.0000e+00  0.0000e+00  0.0000e+00  0.0000e+00
 3.2468e+00  0.0000e+00 6  0.0000e+00  0.0000e+00  0.0000e+00  0.0000e+00
