 5.0000e+01  0.0000e+00 1  0.0000e+00  0.0000e+00  0.0000e+00  0.0000e+00
 3.5714e+01  0.0000e+00 1  0.0000e+00  0.0000e+00  0.0000e+00  0.0000e+00
 2.7778e+01  0.0000e+00 1  0.0000e+00  0.0000e+00  0.0000e+00  0.0000e+00
 2.2727e+01  0.0000e+00 1  0.0000e+00  0.0000e+00  0.0000e+00  0.0000e+00
 1.9231e+01  0.0000e+00 1  0.0000e+00  0.0000e+00  0.0000e+00  0.0000e+00
 1.6667e+01  0.0000e+00 1  2.7019e+02 -3.0972e+00 -2.6992e+02 -1.2003e+01
 1.4706e+01  0.0000e+00 1  8.6464e+00 -2.9664e+00 -8.5140e+00 -1.5071e+00
 1.3158e+01  0.0000e+00 1  1.1001e+00 -1.8307e+00 -2.8269e-01 -1.0632e+00
 1.1905e+01  0.0000e+00 1  9.1587e-01 -1.6364e+00 -6.0013e-02 -9.1390e-01
 1.0870e+01  0.0000e+00 1  7.9751e-01 -1.5935e+00 -1.8140e-02 -7.9730e-01
 1.0000e+01  0.0000e+00 1  7.0066e-01 -1.5718e+00 -7.1434e-04 -7.0066e-01
 9.2593e+00  0.0000e+00 1  6.1555e-01 -1.5453e+00  1.5708e-02 -6.1535e-01
 8.6207e+00  0.0000e+00 1  5.3730e-01 -1.5110e+00  3.2124e-02 -5.3633e-01
 8.0645e+00  0.0000e+00 1  4.6436e-01 -1.4742e+00  4.4798e-02 -4.6220e-01
 7.5758e+00  0.0000e+00 1  3.9613e-01 -1.4436e+00  5.0253e-02 -3.9293e-01
 7.1429e+00  0.0000e+00 1  3.3418e-01 -1.4242e+00  4.8810e-02 -3.3060e-01
 6.7568e+00  0.0000e+00 1  2.7915e-01 -1.4127e+00  4.3963e-02 -2.7567e-01
 6.4103e+00  0.0000e+00 1  2.3073e-01 -1.4111e+00  3.6695e-02 -2.2779e-01
 6.0976e+00  0.0000e+00 1  1.8999e-01 -1.4237e+00  2.7852e-02 -1.8794e-01
 5.8140e+00  0.0000e+00 1  1.5549e-01 -1.4502e+00  1.8708e-02 -1.5436e-01
 5.5556e+00  0.0000e+00 1  1.2711e-01 -1.4921e+00  9.9911e-03 -1.2672e-01
 5.3191e+00  0.0000e+00 1  1.0402e-01 -1.5487e+00  2.2949e-03 -1.0399e-01
 5.1020e+00  0.0000e+00 1  8.5097e-02 -1.6206e+00 -4.2372e-03 -8.4991e-02
 4.9020e+00  0.0000e+00 1  7.0078e-02 -1.7044e+00 -9.3371e-03 -6.9453e-02
 4.7170e+00  0.0000e+00 1  5.7812e-02 -1.8022e+00 -1.3258e-02 -5.6271e-02
 4.5455e+00  0.0000e+00 1  4.7938e-02 -1.9113e+00 -1.6008e-02 -4.5186e-02
 4.3860e+00  0.0000e+00 1  3.9953e-02 -2.0307e+00 -1.7735e-02 -3.5801e-02
 4.2373e+00  0.0000e+00 1  3.3423e-02 -2.1625e+00 -1.8643e-02 -2.7741e-02
 4.0984e+00  0.0000e+00 1  2.8148e-02 -2.3001e+00 -1.8756e-02 -2.0989e-02
 3.9683e+00  0.0000e+00 1  2.3802e-02 -2.4491e+00 -1.8319e-02 -1.5197e-02
 3.8462e+00  0.0000e+00 1  2.0225e-02 -2.6064e+00 -1.7397e-02 -1.0315e-02
 3.7313e+00  0.0000e+00 1  1.7233e-02 -2.7725e+00 -1.6072e-02 -6.2167e-03
 3.6232e+00  0.0000e+00 1  1.4675e-02 -2.9485e+00 -1.4403e-02 -2.8158e-03
 3.5211e+00  0.0000e+00 1  1.2512e-02 -3.1211e+00 -1.2510e-02 -2.5587e-04
 3.4247e+00  0.0000e+00 1  1.0720e-02  2.9824e+00 -1.0584e-02  1.6995e-03
 3.3333e+00  0.0000e+00 1  9.2122e-03  2.7979e+00 -8.6736e-03  3.1038e-03
 3.2468e+00  0.0000e+00 1  7.9257e-03  2.6085e+00 -6.8259e-03  4.0279e-03
 5.0000e+01  0.0000e+00 2  0.0000e+00  0.0000e+00  0.0000e+00  0.0000e+00
 3.5714e+01  0.0000e+00 2  0.0000e+00  0.0000e+00  0.0000e+00  0.0000e+00
 2.7778e+01  0.0000e+00 2  0.0000e+00  0.0000e+00  0.0000e+00  0.0000e+00
 2.2727e+01  0.0000e+00 2  0.0000e+00  0.0000e+00  0.0000e+00  0.0000e+00
 1.9231e+01  0.0000e+00 2  0.0000e+00  0.0000e+00  0.0000e+00  0.0000e+00
 1.6667e+01  0.0000e+00 2  0.0000e+00  0.0000e+00  0.0000e+00  0.0000e+00
 1.4706e+01  0.0000e+00 2  0.0000e+00  0.0000e+00  0.0000e+00  0.0000e+00
 1.3158e+01  0.0000e+00 2  0.0000e+00  0.0000e+00  0.0000e+00  0.0000e+00
 1.1905e+01  0.0000e+00 2  0.0000e+00  0.0000e+00  0.0000e+00  0.0000e+00
 1.0870e+01  0.0000e+00 2  0.0000e+00  0.0000e+00  0.0000e+00  0.0000e+00
 1.0000e+01  0.0000e+00 2  0.0000e+00  0.0000e+00  0.0000e+00  0.0000e+00
 9.2593e+00  0.0000e+00 2  0.0000e+00  0.0000e+00  0.0000e+00  0.0000e+00
 8.6207e+00  0.0000e+00 2  0.0000e+00  0.0000e+00  0.0000e+00  0.0000e+00
 8.0645e+00  0.0000e+00 2  0.0000e+00  0.0000e+00  0.0000e+00  0.0000e+00
 7.5758e+00  0.0000e+00 2  0.0000e+00  0.0000e+00  0.0000e+00  0.0000e+00
 7.1429e+00  0.0000e+00 2  0.0000e+00  0.0000e+00  0.0000e+00  0.0000e+00
 6.7568e+00  0.0000e+00 2  0.0000e+00  0.0000e+00  0.0000e+00  0.0000e+00
 6.4103e+00  0.0000e+00 2  0.0000e+00  0.0000e+00  0.0000e+00  0.0000e+00
 6.0976e+00  0.0000e+00 2  0.0000e+00  0.0000e+00  0.0000e+00  0.0000e+00
 5.8140e+00  0.0000e+00 2  0.0000e+00  0.0000e+00  0.0000e+00  0.0000e+00
 5.5556e+00  0.0000e+00 2  0.0000e+00  0.0000e+00  0.0000e+00  0.0000e+00
 5.3191e+00  0.0000e+00 2  0.0000e+00  0.0000e+00  0.0000e+00  0.0000e+00
 5.1020e+00  0.0000e+00 2  0.0000e+00  0.0000e+00  0.0000e+00  0.0000e+00
 4.9020e+00  0.0000e+00 2  0.0000e+00  0.0000e+00  0.0000e+00  0.0000e+00
 4.7170e+00  0.0000e+00 2  0.0000e+00  0.0000e+00  0.0000e+00  0.0000e+00
 4.5455e+00  0.0000e+00 2  0.0000e+00  0.0000e+00  0.0000e+00  0.0000e+00
 4.3860e+00  0.0000e+00 2  0.0000e+00  0.0000e+00  0.0000e+00  0.0000e+00
 4.2373e+00  0.0000e+00 2  0.0000e+00  0.0000e+00  0.0000e+00  0.0000e+00
 4.0984e+00  0.0000e+00 2  0.0000e+00  0.0000e+00  0.0000e+00  0.0000e+00
 3.9683e+00  0.0000e+00 2  0.0000e+00  0.0000e+00  0.0000e+00  0.0000e+00
 3.8462e+00  0.0000e+00 2  0.0000e+00  0.0000e+00  0.0000e+00  0.0000e+00
 3.7313e+00  0.0000e+00 2  0.0000e+00  0.0000e+00  0.0000e+00  0.0000e+00
 3.6232e+00  0.0000e+00 2  0.0000e+00  0.0000e+00  0.0000e+00  0.0000e+00
 3.5211e+00  0.0000e+00 2  0.0000e+00  0.0000e+00  0.0000e+00  0.0000e+00
 3.4247e+00  0.0000e+00 2  0.0000e+00  0.0000e+00  0.0000e+00  0.0000e+00
 3.3333e+00  0.0000e+00 2  0.0000e+00  0.0000e+00  0.0000e+00  0.0000e+00
 3.2468e+00  0.0000e+00 2  0.0000e+00  0.0000e+00  0.0000e+00  0.0000e+00
 5.0000e+01  0.0000e+00 3  0.0000e+00  0.0000e+00  0.0000e+00  0.0000e+00
 3.5714e+01  0.0000e+00 3  0.0000e+00  0.0000e+00  0.0000e+00  0.0000e+00
 2.7778e+01  0.0000e+00 3  0.0000e+00  0.0000e+00  0.0000e+00  0.0000e+00
 2.2727e+01  0.0000e+00 3  0.0000e+00  0.0000e+00  0.0000e+00  0.0000e+00
 1.9231e+01  0.0000e+00 3  0.0000e+00  0.0000e+00  0.0000e+00  0.0000e+00
 1.6667e+01  0.0000e+00 3  1.5516e+00  3.0370e-02  1.5509e+00  4.7116e-02
 1.4706e+01  0.0000e+00 3  2.9250e-02 -1.7112e-02  2.9245e-02 -5.0048e-04
 1.3158e+01  0.0000e+00 3  1.4166e-03 -5.4671e-01  1.2101e-03 -7.3646e-04
 1.1905e+01  0.0000e+00 3  7.1485e-04 -1.3427e+00  1.6165e-04 -6.9634e-04
 1.0870e+01  0.0000e+00 3  6.6066e-04 -1.6604e+00 -5.9129e-05 -6.5801e-04
 1.0000e+01  0.0000e+00 3  6.2819e-04 -1.7509e+00 -1.1253e-04 -6.1802e-04
 9.2593e+00  0.0000e+00 3  5.8629e-04 -1.7830e+00 -1.2347e-04 -5.7314e-04
 8.6207e+00  0.0000e+00 3  5.3535e-04 -1.7920e+00 -1.1746e-04 -5.2230e-04
 8.0645e+00  0.0000e+00 3  4.7589e-04 -1.7927e+00 -1.0474e-04 -4.6422e-04
 7.5758e+00  0.0000e+00 3  4.1256e-04 -1.8007e+00 -9.4020e-05 -4.0171e-04
 7.1429e+00  0.0000e+00 3  3.4964e-04 -1.8224e+00 -8.7032e-05 -3.3864e-04
 6.7568e+00  0.0000e+00 3  2.9105e-04 -1.8552e+00 -8.1659e-05 -2.7936e-04
 6.4103e+00  0.0000e+00 3  2.3849e-04 -1.9024e+00 -7.7642e-05 -2.2550e-04
 6.0976e+00  0.0000e+00 3  1.9416e-04 -1.9641e+00 -7.4418e-05 -1.7934e-04
 5.8140e+00  0.0000e+00 3  1.5716e-04 -2.0425e+00 -7.1411e-05 -1.4000e-04
 5.5556e+00  0.0000e+00 3  1.2685e-04 -2.1257e+00 -6.6836e-05 -1.0781e-04
 5.3191e+00  0.0000e+00 3  1.0258e-04 -2.2190e+00 -6.1934e-05 -8.1775e-05
 5.1020e+00  0.0000e+00 3  8.2868e-05 -2.3212e+00 -5.6512e-05 -6.0610e-05
 4.9020e+00  0.0000e+00 3  6.6892e-05 -2.4225e+00 -5.0331e-05 -4.4060e-05
 4.7170e+00  0.0000e+00 3  5.3287e-05 -2.5314e+00 -4.3670e-05 -3.0535e-05
 4.5455e+00  0.0000e+00 3  4.1395e-05 -2.6540e+00 -3.6571e-05 -1.9393e-05
 4.3860e+00  0.0000e+00 3  3.0414e-05 -2.8215e+00 -2.8869e-05 -9.5706e-06
 4.2373e+00  0.0000e+00 3  2.0045e-05 -3.1395e+00 -2.0045e-05 -4.1550e-08
 4.0984e+00  0.0000e+00 3  1.2976e-05  2.2237e+00 -7.8830e-06  1.0307e-05
 3.9683e+00  0.0000e+00 3  2.4125e-05  1.0802e+00  1.1367e-05  2.1280e-05
 3.8462e+00  0.0000e+00 3  5.3608e-05  5.3216e-01  4.6195e-05  2.7200e-05
 3.7313e+00  0.0000e+00 3  9.6603e-05  1.1271e-02  9.6597e-05  1.0888e-06
 3.6232e+00  0.0000e+00 3  1.3760e-04 -5.4401e-01  1.1774e-04 -7.1218e-05
 3.5211e+00  0.0000e+00 3  1.4348e-04 -1.0303e+00  7.3834e-05 -1.2303e-04
 3.4247e+00  0.0000e+00 3  1.3769e-04 -1.3663e+00  2.7966e-05 -1.3482e-04
 3.3333e+00  0.0000e+00 3  1.2950e-04 -1.5944e+00 -3.0606e-06 -1.2947e-04
 3.2468e+00  0.0000e+00 3  1.2304e-04 -1.7682e+00 -2.4131e-05 -1.2065e-04
 5.0000e+01  0.0000e+00 4  0.0000e+00  0.0000e+00  0.0000e+00  0.0000e+00
 3.5714e+01  0.0000e+00 4  0.0000e+00  0.0000e+00  0.0000e+00  0.0000e+00
 2.7778e+01  0.0000e+00 4  0.0000e+00  0.0000e+00  0.0000e+00  0.0000e+00
 2.2727e+01  0.0000e+00 4  0.0000e+00  0.0000e+00  0.0000e+00  0.0000e+00
 1.9231e+01  0.0000e+00 4  0.0000e+00  0.0000e+00  0.0000e+00  0.0000e+00
 1.6667e+01  0.0000e+00 4  0.0000e+00  0.0000e+00  0.0000e+00  0.0000e+00
 1.4706e+01  0.0000e+00 4  0.0000e+00  0.0000e+00  0.0000e+00  0.0000e+00
 1.3158e+01  0.0000e+00 4  0.0000e+00 -0.0000e+00  0.0000e+00 -0.0000e+00
 1.1905e+01  0.0000e+00 4  0.0000e+00  0.0000e+00  0.0000e+00  0.0000e+00
 1.0870e+01  0.0000e+00 4  0.0000e+00  0.0000e+00  0.0000e+00  0.0000e+00
 1.0000e+01  0.0000e+00 4  0.0000e+00  0.0000e+00  0.0000e+00  0.0000e+00
 9.2593e+00  0.0000e+00 4  0.0000e+00  0.0000e+00  0.0000e+00  0.0000e+00
 8.6207e+00  0.0000e+00 4  0.0000e+00 -0.0000e+00  0.0000e+00 -0.0000e+00
 8.0645e+00  0.0000e+00 4  0.0000e+00  0.0000e+00  0.0000e+00  0.0000e+00
 7.5758e+00  0.0000e+00 4  0.0000e+00  0.0000e+00  0.0000e+00  0.0000e+00
 7.1429e+00  0.0000e+00 4  0.0000e+00  0.0000e+00  0.0000e+00  0.0000e+00
 6.7568e+00  0.0000e+00 4  0.0000e+00  0.0000e+00  0.0000e+00  0.0000e+00
 6.4103e+00  0.0000e+00 4  0.0000e+00 -0.0000e+00  0.0000e+00 -0.0000e+00
 6.0976e+00  0.0000e+00 4  0.0000e+00  0.0000e+00  0.0000e+00  0.0000e+00
 5.8140e+00  0.0000e+00 4  0.0000e+00  0.0000e+00  0.0000e+00  0.0000e+00
 5.5556e+00  0.0000e+00 4  0.0000e+00  0.0000e+00  0.0000e+00  0.0000e+00
 5.3191e+00  0.0000e+00 4  0.0000e+00  0.0000e+00  0.0000e+00  0.0000e+00
 5.1020e+00  0.0000e+00 4  0.0000e+00  0.0000e+00  0.0000e+00  0.0000e+00
 4.9020e+00  0.0000e+00 4  0.0000e+00  0.0000e+00  0.0000e+00  0.0000e+00
 4.7170e+00  0.0000e+00 4  0.0000e+00  0.0000e+00  0.0000e+00  0.0000e+00
 4.5455e+00  0.0000e+00 4  0.0000e+00  0.0000e+00  0.0000e+00  0.0000e+00
 4.3860e+00  0.0000e+00 4  0.0000e+00  0.0000e+00  0.0000e+00  0.0000e+00
 4.2373e+00  0.0000e+00 4  0.0000e+00  0.0000e+00  0.0000e+00  0.0000e+00
 4.0984e+00  0.0000e+00 4  0.0000e+00  0.0000e+00  0.0000e+00  0.0000e+00
 3.9683e+00  0.0000e+00 4  0.0000e+00  0.0000e+00  0.0000e+00  0.0000e+00
 3.8462e+00  0.0000e+00 4  0.0000e+00  0.0000e+00  0.0000e+00  0.0000e+00
 3.7313e+00  0.0000e+00 4  0.0000e+00  0.0000e+00  0.0000e+00  0.0000e+00
 3.6232e+00  0.0000e+00 4  0.0000e+00  0.0000e+00  0.0000e+00  0.0000e+00
 3.5211e+00  0.0000e+00 4  0.0000e+00  0.0000e+00  0.0000e+00  0.0000e+00
 3.4247e+00  0.0000e+00 4  0.0000e+00  0.0000e+00  0.0000e+00  0.0000e+00
 3.3333e+00  0.0000e+00 4  0.0000e+00  0.0000e+00  0.0000e+00  0.0000e+00
 3.2468e+00  0.0000e+00 4  0.0000e+00  0.0000e+00  0.0000e+00  0.0000e+00
 5.0000e+01  0.0000e+00 5  0.0000e+00  0.0000e+00  0.0000e+00  0.0000e+00
 3.5714e+01  0.0000e+00 5  0.0000e+00  0.0000e+00  0.0000e+00  0.0000e+00
 2.7778e+01  0.0000e+00 5  0.0000e+00  0.0000e+00  0.0000e+00  0.0000e+00
 2.2727e+01  0.0000e+00 5  0.0000e+00  0.0000e+00  0.0000e+00  0.0000e+00
 1.9231e+01  0.0000e+00 5  0.0000e+00  0.0000e+00  0.0000e+00  0.0000e+00
 1.6667e+01  0.0000e+00 5  3.1458e-01  1.9536e-02  3.1452e-01  6.1451e-03
 1.4706e+01  0.0000e+00 5  1.3171e-02 -1.7219e-02  1.3169e-02 -2.2679e-04
 1.3158e+01  0.0000e+00 5  6.7746e-04 -5.4738e-01  5.7847e-04 -3.5258e-04
 1.1905e+01  0.0000e+00 5  3.4308e-04 -1.3471e+00  7.6121e-05 -3.3453e-04
 1.0870e+01  0.0000e+00 5  3.1773e-04 -1.6638e+00 -2.9505e-05 -3.1636e-04
 1.0000e+01  0.0000e+00 5  3.0221e-04 -1.7532e+00 -5.4818e-05 -2.9720e-04
 9.2593e+00  0.0000e+00 5  2.8205e-04 -1.7845e+00 -5.9814e-05 -2.7563e-04
 8.6207e+00  0.0000e+00 5  2.5752e-04 -1.7930e+00 -5.6743e-05 -2.5119e-04
 8.0645e+00  0.0000e+00 5  2.2890e-04 -1.7933e+00 -5.0516e-05 -2.2325e-04
 7.5758e+00  0.0000e+00 5  1.9843e-04 -1.8011e+00 -4.5299e-05 -1.9319e-04
 7.1429e+00  0.0000e+00 5  1.6816e-04 -1.8227e+00 -4.1907e-05 -1.6285e-04
 6.7568e+00  0.0000e+00 5  1.3998e-04 -1.8554e+00 -3.9308e-05 -1.3435e-04
 6.4103e+00  0.0000e+00 5  1.1470e-04 -1.9027e+00 -3.7370e-05 -1.0844e-04
 6.0976e+00  0.0000e+00 5  9.3383e-05 -1.9644e+00 -3.5817e-05 -8.6241e-05
 5.8140e+00  0.0000e+00 5  7.5590e-05 -2.0428e+00 -3.4370e-05 -6.7324e-05
 5.5556e+00  0.0000e+00 5  6.1012e-05 -2.1262e+00 -3.2169e-05 -5.1842e-05
 5.3191e+00  0.0000e+00 5  4.9341e-05 -2.2195e+00 -2.9810e-05 -3.9318e-05
 5.1020e+00  0.0000e+00 5  3.9861e-05 -2.3218e+00 -2.7200e-05 -2.9138e-05
 4.9020e+00  0.0000e+00 5  3.2177e-05 -2.4232e+00 -2.4226e-05 -2.1177e-05
 4.7170e+00  0.0000e+00 5  2.5635e-05 -2.5322e+00 -2.1021e-05 -1.4672e-05
 4.5455e+00  0.0000e+00 5  1.9916e-05 -2.6550e+00 -1.7604e-05 -9.3127e-06
 4.3860e+00  0.0000e+00 5  1.4635e-05 -2.8227e+00 -1.3897e-05 -4.5888e-06
 4.2373e+00  0.0000e+00 5  9.6511e-06 -3.1409e+00 -9.6511e-06 -6.5178e-09
 4.0984e+00  0.0000e+00 5  6.2546e-06  2.2236e+00 -3.7994e-06  4.9683e-06
 3.9683e+00  0.0000e+00 5  1.1606e-05  1.0810e+00  5.4602e-06  1.0241e-05
 3.8462e+00  0.0000e+00 5  2.5773e-05  5.3230e-01  2.2207e-05  1.3080e-05
 3.7313e+00  0.0000e+00 5  4.6434e-05  1.1183e-02  4.6431e-05  5.1925e-07
 3.6232e+00  0.0000e+00 5  6.6134e-05 -5.4412e-01  5.6584e-05 -3.4235e-05
 3.5211e+00  0.0000e+00 5  6.8966e-05 -1.0304e+00  3.5483e-05 -5.9137e-05
 3.4247e+00  0.0000e+00 5  6.6185e-05 -1.3664e+00  1.3436e-05 -6.4807e-05
 3.3333e+00  0.0000e+00 5  6.2251e-05 -1.5945e+00 -1.4784e-06 -6.2233e-05
 3.2468e+00  0.0000e+00 5  5.9148e-05 -1.7683e+00 -1.1608e-05 -5.7997e-05
 5.0000e+01  0.0000e+00 6  0.0000e+00  0.0000e+00  0.0000e+00  0.0000e+00
 3.5714e+01  0.0000e+00 6  0.0000e+00  0.0000e+00  0.0000e+00  0.0000e+00
 2.7778e+01  0.0000e+00 6  0.0000e+00  0.0000e+00  0.0000e+00  0.0000e+00
 2.2727e+01  0.0000e+00 6  0.0000e+00  0.0000e+00  0.0000e+00  0.0000e+00
 1.9231e+01  0.0000e+00 6  0.0000e+00  0.0000e+00  0.0000e+00  0.0000e+00
 1.6667e+01  0.0000e+00 6  0.0000e+00  0.0000e+00  0.0000e+00  0.0000e+00
 1.4706e+01  0.0000e+00 6  0.0000e+00  0.0000e+00  0.0000e+00  0.0000e+00
 1.3158e+01  0.0000e+00 6  0.0000e+00  0.0000e+00  0.0000e+00  0.0000e+00
 1.1905e+01  0.0000e+00 6  0.0000e+00  0.0000e+00  0.0000e+00  0.0000e+00
 1.0870e+01  0.0000e+00 6  0.0000e+00  0.0000e+00  0.0000e+00  0.0000e+00
 1.0000e+01  0.0000e+00 6  0.0000e+00  0.0000e+00  0.0000e+00  0.0000e+00
 9.2593e+00  0.0000e+00 6  0.0000e+00  0.0000e+00  0.0000e+00  0.0000e+00
 8.6207e+00  0.0000e+00 6  0.0000e+00  0.0000e+00  0.0000e+00  0.0000e+00
 8.0645e+00  0.0000e+00 6  0.0000e+00  0.0000e+00  0.0000e+00  0.0000e+00
 7.5758e+00  0.0000e+00 6  0.0000e+00  0.0000e+00  0.0000e+00  0.0000e+00
 7.1429e+00  0.0000e+00 6  0.0000e+00  0.0000e+00  0.0000e+00  0.0000e+00
 6.7568e+00  0.0000e+00 6  0.0000e+00  0.0000e+00  0.0000e+00  0.0000e+00
 6.4103e+00  0.0000e+00 6  0.0000e+00  0.0000e+00  0.0000e+00  0.0000e+00
 6.0976e+00  0.0000e+00 6  0.0000e+00  0.0000e+00  0.0000e+00  0.0000e+00
 5.8140e+00  0.0000e+00 6  0.0000e+00  0.0000e+00  0.0000e+00  0.0000e+00
 5.5556e+00  0.0000e+00 6  0.0000e+00  0.0000e+00  0.0000e+00  0.0000e+00
 5.3191e+00  0.0000e+00 6  0.0000e+00  0.0000e+00  0.0000e+00  0.0000e+00
 5.1020e+00  0.0000e+00 6  0.0000e+00  0.0000e+00  0.0000e+00  0.0000e+00
 4.9020e+00  0.0000e+00 6  0.0000e+00  0.0000e+00  0.0000e+00  0.0000e+00
 4.7170e+00  0.0000e+00 6  0.0000e+00  0.0000e+00  0.0000e+00  0.0000e+00
 4.5455e+00  0.0000e+00 6  0.0000e+00  0.0000e+00  0.0000e+00  0.0000e+00
 4.3860e+00  0.0000e+00 6  0.0000e+00  0.0000e+00  0.0000e+00  0.0000e+00
 4.2373e+00  0.0000e+00 6  0.0000e+00  0.0000e+00  0.0000e+00  0.0000e+00
 4.0984e+00  0.0000e+00 6  0.0000e+00  0.0000e+00  0.0000e+00  0.0000e+00
 3.9683e+00  0.0000e+00 6  0.0000e+00  0.0000e+00  0.0000e+00  0.0000e+00
 3.8462e+00  0.0000e+00 6  0.0000e+00  0.0000e+00  0.0000e+00  0.0000e+00
 3.7313e+00  0.0000e+00 6  0.0000e+00  0.0000e+00  0.0000e+00  0.0000e+00
 3.6232e+00  0.0000e+00 6  0.0000e+00 -0.0000e+00  0.0000e+00 -0.0000e+00
 3.5211e+00  0.0000e+00 6  0.0000e+00  0.0000e+00  0.0000e+00  0.0000e+00
 3.4247e+00  0.0000e+00 6  0.0000e+00  0.0000e+00  0.0000e+00  0.0000e+00
 3.3333e+00  0.0000e+00 6  0.0000e+00  0.0000e+00  0.0000e+00  0.0000e+00
 3.2468e+00  0.0000e+00 6  0.0000e+00  0.0000e+00  0.0000e+00  0.0000e+00
