 5.0000e+01  0.0000e+00 1  0.0000e+00  0.0000e+00  0.0000e+00  0.0000e+00
 3.5714e+01  0.0000e+00 1  0.0000e+00  0.0000e+00  0.0000e+00  0.0000e+00
 2.7778e+01  0.0000e+00 1  0.0000e+00  0.0000e+00  0.0000e+00  0.0000e+00
 2.2727e+01  0.0000e+00 1  0.0000e+00  0.0000e+00  0.0000e+00  0.0000e+00
 1.9231e+01  0.0000e+00 1  0.0000e+00  0.0000e+00  0.0000e+00  0.0000e+00
 1.6667e+01  0.0000e+00 1  0.0000e+00  0.0000e+00  0.0000e+00  0.0000e+00
 1.4706e+01  0.0000e+00 1  3.9233e+01  2.9619e+00 -3.8601e+01  7.0116e+00
 1.3158e+01  0.0000e+00 1  7.6917e-01 -1.9770e+00 -3.0390e-01 -7.0658e-01
 1.1905e+01  0.0000e+00 1  6.2730e-01 -1.5867e+00 -9.9990e-03 -6.2722e-01
 1.0870e+01  0.0000e+00 1  5.2656e-01 -1.5296e+00  2.1678e-02 -5.2612e-01
 1.0000e+01  0.0000e+00 1  4.4305e-01 -1.5056e+00  2.8877e-02 -4.4211e-01
 9.2593e+00  0.0000e+00 1  3.7402e-01 -1.4769e+00  3.5057e-02 -3.7238e-01
 8.6207e+00  0.0000e+00 1  3.1519e-01 -1.4387e+00  4.1528e-02 -3.1245e-01
 8.0645e+00  0.0000e+00 1  2.6518e-01 -1.3919e+00  4.7176e-02 -2.6095e-01
 7.5758e+00  0.0000e+00 1  2.2125e-01 -1.3408e+00  5.0431e-02 -2.1542e-01
 7.1429e+00  0.0000e+00 1  1.8324e-01 -1.2954e+00  4.9833e-02 -1.7634e-01
 6.7568e+00  0.0000e+00 1  1.5077e-01 -1.2560e+00  4.6678e-02 -1.4336e-01
 6.4103e+00  0.0000e+00 1  1.2289e-01 -1.2208e+00  4.2139e-02 -1.1544e-01
 6.0976e+00  0.0000e+00 1  9.9746e-02 -1.1954e+00  3.6569e-02 -9.2800e-02
 5.8140e+00  0.0000e+00 1  8.0153e-02 -1.1781e+00  3.0673e-02 -7.4052e-02
 5.5556e+00  0.0000e+00 1  6.3876e-02 -1.1700e+00  2.4923e-02 -5.8813e-02
 5.3191e+00  0.0000e+00 1  5.0298e-02 -1.1656e+00  1.9827e-02 -4.6226e-02
 5.1020e+00  0.0000e+00 1  3.8752e-02 -1.1511e+00  1.5792e-02 -3.5388e-02
 4.9020e+00  0.0000e+00 1  2.9566e-02 -1.0702e+00  1.4189e-02 -2.5939e-02
 4.7170e+00  0.0000e+00 1  2.5502e-02 -8.5591e-01  1.6717e-02 -1.9258e-02
 4.5455e+00  0.0000e+00 1  2.9842e-02 -8.2844e-01  2.0174e-02 -2.1990e-02
 4.3860e+00  0.0000e+00 1  2.9357e-02 -1.0841e+00  1.3730e-02 -2.5949e-02
 4.2373e+00  0.0000e+00 1  2.4663e-02 -1.3091e+00  6.3801e-03 -2.3823e-02
 4.0984e+00  0.0000e+00 1  2.0195e-02 -1.4605e+00  2.2234e-03 -2.0072e-02
 3.9683e+00  0.0000e+00 1  1.6657e-02 -1.5940e+00 -3.8700e-04 -1.6653e-02
 3.8462e+00  0.0000e+00 1  1.3893e-02 -1.7181e+00 -2.0387e-03 -1.3743e-02
 3.7313e+00  0.0000e+00 1  1.1699e-02 -1.8405e+00 -3.1174e-03 -1.1276e-02
 3.6232e+00  0.0000e+00 1  9.9172e-03 -1.9668e+00 -3.8254e-03 -9.1497e-03
 3.5211e+00  0.0000e+00 1  8.4752e-03 -2.0922e+00 -4.2215e-03 -7.3490e-03
 3.4247e+00  0.0000e+00 1  7.2768e-03 -2.2231e+00 -4.4169e-03 -5.7829e-03
 3.3333e+00  0.0000e+00 1  6.2788e-03 -2.3563e+00 -4.4404e-03 -4.4392e-03
 3.2468e+00  0.0000e+00 1  5.4398e-03 -2.4921e+00 -4.3321e-03 -3.2901e-03
 5.0000e+01  0.0000e+00 2  0.0000e+00  0.0000e+00  0.0000e+00  0.0000e+00
 3.5714e+01  0.0000e+00 2  0.0000e+00  0.0000e+00  0.0000e+00  0.0000e+00
 2.7778e+01  0.0000e+00 2  0.0000e+00  0.0000e+00  0.0000e+00  0.0000e+00
 2.2727e+01  0.0000e+00 2  0.0000e+00  0.0000e+00  0.0000e+00  0.0000e+00
 1.9231e+01  0.0000e+00 2  0.0000e+00  0.0000e+00  0.0000e+00  0.0000e+00
 1.6667e+01  0.0000e+00 2  0.0000e+00  0.0000e+00  0.0000e+00  0.0000e+00
 1.4706e+01  0.0000e+00 2  0.0000e+00  0.0000e+00  0.0000e+00  0.0000e+00
 1.3158e+01  0.0000e+00 2  0.0000e+00  0.0000e+00  0.0000e+00  0.0000e+00
 1.1905e+01  0.0000e+00 2  0.0000e+00  0.0000e+00  0.0000e+00  0.0000e+00
 1.0870e+01  0.0000e+00 2  0.0000e+00  0.0000e+00  0.0000e+00  0.0000e+00
 1.0000e+01  0.0000e+00 2  0.0000e+00  0.0000e+00  0.0000e+00  0.0000e+00
 9.2593e+00  0.0000e+00 2  0.0000e+00  0.0000e+00  0.0000e+00  0.0000e+00
 8.6207e+00  0.0000e+00 2  0.0000e+00  0.0000e+00  0.0000e+00  0.0000e+00
 8.0645e+00  0.0000e+00 2  0.0000e+00  0.0000e+00  0.0000e+00  0.0000e+00
 7.5758e+00  0.0000e+00 2  0.0000e+00  0.0000e+00  0.0000e+00  0.0000e+00
 7.1429e+00  0.0000e+00 2  0.0000e+00  0.0000e+00  0.0000e+00  0.0000e+00
 6.7568e+00  0.0000e+00 2  0.0000e+00  0.0000e+00  0.0000e+00  0.0000e+00
 6.4103e+00  0.0000e+00 2  0.0000e+00  0.0000e+00  0.0000e+00  0.0000e+00
 6.0976e+00  0.0000e+00 2  0.0000e+00  0.0000e+00  0.0000e+00  0.0000e+00
 5.8140e+00  0.0000e+00 2  0.0000e+00  0.0000e+00  0.0000e+00  0.0000e+00
 5.5556e+00  0.0000e+00 2  0.0000e+00  0.0000e+00  0.0000e+00  0.0000e+00
 5.3191e+00  0.0000e+00 2  0.0000e+00  0.0000e+00  0.0000e+00  0.0000e+00
 5.1020e+00  0.0000e+00 2  0.0000e+00  0.0000e+00  0.0000e+00  0.0000e+00
 4.9020e+00  0.0000e+00 2  0.0000e+00  0.0000e+00  0.0000e+00  0.0000e+00
 4.7170e+00  0.0000e+00 2  0.0000e+00  0.0000e+00  0.0000e+00  0.0000e+00
 4.5455e+00  0.0000e+00 2  0.0000e+00  0.0000e+00  0.0000e+00  0.0000e+00
 4.3860e+00  0.0000e+00 2  0.0000e+00  0.0000e+00  0.0000e+00  0.0000e+00
 4.2373e+00  0.0000e+00 2  0.0000e+00  0.0000e+00  0.0000e+00  0.0000e+00
 4.0984e+00  0.0000e+00 2  0.0000e+00  0.0000e+00  0.0000e+00  0.0000e+00
 3.9683e+00  0.0000e+00 2  0.0000e+00  0.0000e+00  0.0000e+00  0.0000e+00
 3.8462e+00  0.0000e+00 2  0.0000e+00  0.0000e+00  0.0000e+00  0.0000e+00
 3.7313e+00  0.0000e+00 2  0.0000e+00  0.0000e+00  0.0000e+00  0.0000e+00
 3.6232e+00  0.0000e+00 2  0.0000e+00  0.0000e+00  0.0000e+00  0.0000e+00
 3.5211e+00  0.0000e+00 2  0.0000e+00  0.0000e+00  0.0000e+00  0.0000e+00
 3.4247e+00  0.0000e+00 2  0.0000e+00  0.0000e+00  0.0000e+00  0.0000e+00
 3.3333e+00  0.0000e+00 2  0.0000e+00  0.0000e+00  0.0000e+00  0.0000e+00
 3.2468e+00  0.0000e+00 2  0.0000e+00  0.0000e+00  0.0000e+00  0.0000e+00
 5.0000e+01  0.0000e+00 3  0.0000e+00  0.0000e+00  0.0000e+00  0.0000e+00
 3.5714e+01  0.0000e+00 3  0.0000e+00  0.0000e+00  0.0000e+00  0.0000e+00
 2.7778e+01  0.0000e+00 3  0.0000e+00  0.0000e+00  0.0000e+00  0.0000e+00
 2.2727e+01  0.0000e+00 3  0.0000e+00  0.0000e+00  0.0000e+00  0.0000e+00
 1.9231e+01  0.0000e+00 3  0.0000e+00  0.0000e+00  0.0000e+00  0.0000e+00
 1.6667e+01  0.0000e+00 3  0.0000e+00  0.0000e+00  0.0000e+00  0.0000e+00
 1.4706e+01  0.0000e+00 3  3.3820e-01 -5.0411e-01  2.9613e-01 -1.6336e-01
 1.3158e+01  0.0000e+00 3  5.8476e-04  2.7380e+00 -5.3779e-04  2.2962e-04
 1.1905e+01  0.0000e+00 3  1.5899e-04  2.0919e+00 -7.9153e-05  1.3789e-04
 1.0870e+01  0.0000e+00 3  1.0826e-04  1.6760e+00 -1.1365e-05  1.0766e-04
 1.0000e+01  0.0000e+00 3  8.6368e-05  1.5527e+00  1.5602e-06  8.6354e-05
 9.2593e+00  0.0000e+00 3  6.5432e-05  1.4669e+00  6.7854e-06  6.5079e-05
 8.6207e+00  0.0000e+00 3  4.4384e-05  1.3344e+00  1.0395e-05  4.3149e-05
 8.0645e+00  0.0000e+00 3  2.5335e-05  9.7457e-01  1.4226e-05  2.0964e-05
 7.5758e+00  0.0000e+00 3  1.8604e-05 -3.4426e-02  1.8593e-05 -6.4033e-07
 7.1429e+00  0.0000e+00 3  3.1200e-05 -7.3939e-01  2.3053e-05 -2.1024e-05
 6.7568e+00  0.0000e+00 3  4.8106e-05 -9.7019e-01  2.7187e-05 -3.9687e-05
 6.4103e+00  0.0000e+00 3  6.4412e-05 -1.0737e+00  3.0715e-05 -5.6618e-05
 6.0976e+00  0.0000e+00 3  7.9123e-05 -1.1423e+00  3.2875e-05 -7.1970e-05
 5.8140e+00  0.0000e+00 3  9.2961e-05 -1.2056e+00  3.3199e-05 -8.6831e-05
 5.5556e+00  0.0000e+00 3  1.0693e-04 -1.2806e+00  3.0597e-05 -1.0246e-04
 5.3191e+00  0.0000e+00 3  1.2307e-04 -1.3838e+00  2.2882e-05 -1.2092e-04
 5.1020e+00  0.0000e+00 3  1.4416e-04 -1.5280e+00  6.1708e-06 -1.4403e-04
 4.9020e+00  0.0000e+00 3  1.7522e-04 -1.7816e+00 -3.6673e-05 -1.7134e-04
 4.7170e+00  0.0000e+00 3  2.1182e-04 -2.2068e+00 -1.2582e-04 -1.7041e-04
 4.5455e+00  0.0000e+00 3  2.1177e-04 -2.8759e+00 -2.0434e-04 -5.5600e-05
 4.3860e+00  0.0000e+00 3  1.5081e-04  2.7985e+00 -1.4202e-04  5.0740e-05
 4.2373e+00  0.0000e+00 3  9.3810e-05  2.3705e+00 -6.7277e-05  6.5376e-05
 4.0984e+00  0.0000e+00 3  6.0855e-05  2.1254e+00 -3.2047e-05  5.1734e-05
 3.9683e+00  0.0000e+00 3  4.0898e-05  1.9217e+00 -1.4057e-05  3.8406e-05
 3.8462e+00  0.0000e+00 3  2.8592e-05  1.7526e+00 -5.1701e-06  2.8120e-05
 3.7313e+00  0.0000e+00 3  2.0529e-05  1.5988e+00 -5.7431e-07  2.0521e-05
 3.6232e+00  0.0000e+00 3  1.4925e-05  1.4486e+00  1.8188e-06  1.4814e-05
 3.5211e+00  0.0000e+00 3  1.1074e-05  1.3157e+00  2.7944e-06  1.0716e-05
 3.4247e+00  0.0000e+00 3  8.2355e-06  1.1872e+00  3.0819e-06  7.6371e-06
 3.3333e+00  0.0000e+00 3  6.1550e-06  1.0765e+00  2.9202e-06  5.4181e-06
 3.2468e+00  0.0000e+00 3  4.6090e-06  9.9149e-01  2.5232e-06  3.8570e-06
 5.0000e+01  0.0000e+00 4  0.0000e+00  0.0000e+00  0.0000e+00  0.0000e+00
 3.5714e+01  0.0000e+00 4  0.0000e+00  0.0000e+00  0.0000e+00  0.0000e+00
 2.7778e+01  0.0000e+00 4  0.0000e+00  0.0000e+00  0.0000e+00  0.0000e+00
 2.2727e+01  0.0000e+00 4  0.0000e+00  0.0000e+00  0.0000e+00  0.0000e+00
 1.9231e+01  0.0000e+00 4  0.0000e+00  0.0000e+00  0.0000e+00  0.0000e+00
 1.6667e+01  0.0000e+00 4  0.0000e+00  0.0000e+00  0.0000e+00  0.0000e+00
 1.4706e+01  0.0000e+00 4  0.0000e+00  0.0000e+00  0.0000e+00  0.0000e+00
 1.3158e+01  0.0000e+00 4  0.0000e+00 -0.0000e+00  0.0000e+00 -0.0000e+00
 1.1905e+01  0.0000e+00 4  0.0000e+00  0.0000e+00  0.0000e+00  0.0000e+00
 1.0870e+01  0.0000e+00 4  0.0000e+00  0.0000e+00  0.0000e+00  0.0000e+00
 1.0000e+01  0.0000e+00 4  0.0000e+00  0.0000e+00  0.0000e+00  0.0000e+00
 9.2593e+00  0.0000e+00 4  0.0000e+00  0.0000e+00  0.0000e+00  0.0000e+00
 8.6207e+00  0.0000e+00 4  0.0000e+00 -0.0000e+00  0.0000e+00 -0.0000e+00
 8.0645e+00  0.0000e+00 4  0.0000e+00  0.0000e+00  0.0000e+00  0.0000e+00
 7.5758e+00  0.0000e+00 4  0.0000e+00  0.0000e+00  0.0000e+00  0.0000e+00
 7.1429e+00  0.0000e+00 4  0.0000e+00  0.0000e+00  0.0000e+00  0.0000e+00
 6.7568e+00  0.0000e+00 4  0.0000e+00  0.0000e+00  0.0000e+00  0.0000e+00
 6.4103e+00  0.0000e+00 4  0.0000e+00 -0.0000e+00  0.0000e+00 -0.0000e+00
 6.0976e+00  0.0000e+00 4  0.0000e+00  0.0000e+00  0.0000e+00  0.0000e+00
 5.8140e+00  0.0000e+00 4  0.0000e+00  0.0000e+00  0.0000e+00  0.0000e+00
 5.5556e+00  0.0000e+00 4  0.0000e+00  0.0000e+00  0.0000e+00  0.0000e+00
 5.3191e+00  0.0000e+00 4  0.0000e+00  0.0000e+00  0.0000e+00  0.0000e+00
 5.1020e+00  0.0000e+00 4  0.0000e+00  0.0000e+00  0.0000e+00  0.0000e+00
 4.9020e+00  0.0000e+00 4  0.0000e+00  0.0000e+00  0.0000e+00  0.0000e+00
 4.7170e+00  0.0000e+00 4  0.0000e+00  0.0000e+00  0.0000e+00  0.0000e+00
 4.5455e+00  0.0000e+00 4  0.0000e+00  0.0000e+00  0.0000e+00  0.0000e+00
 4.3860e+00  0.0000e+00 4  0.0000e+00  0.0000e+00  0.0000e+00  0.0000e+00
 4.2373e+00  0.0000e+00 4  0.0000e+00  0.0000e+00  0.0000e+00  0.0000e+00
 4.0984e+00  0.0000e+00 4  0.0000e+00  0.0000e+00  0.0000e+00  0.0000e+00
 3.9683e+00  0.0000e+00 4  0.0000e+00  0.0000e+00  0.0000e+00  0.0000e+00
 3.8462e+00  0.0000e+00 4  0.0000e+00  0.0000e+00  0.0000e+00  0.0000e+00
 3.7313e+00  0.0000e+00 4  0.0000e+00  0.0000e+00  0.0000e+00  0.0000e+00
 3.6232e+00  0.0000e+00 4  0.0000e+00  0.0000e+00  0.0000e+00  0.0000e+00
 3.5211e+00  0.0000e+00 4  0.0000e+00  0.0000e+00  0.0000e+00  0.0000e+00
 3.4247e+00  0.0000e+00 4  0.0000e+00  0.0000e+00  0.0000e+00  0.0000e+00
 3.3333e+00  0.0000e+00 4  0.0000e+00  0.0000e+00  0.0000e+00  0.0000e+00
 3.2468e+00  0.0000e+00 4  0.0000e+00  0.0000e+00  0.0000e+00  0.0000e+00
 5.0000e+01  0.0000e+00 5  0.0000e+00  0.0000e+00  0.0000e+00  0.0000e+00
 3.5714e+01  0.0000e+00 5  0.0000e+00  0.0000e+00  0.0000e+00  0.0000e+00
 2.7778e+01  0.0000e+00 5  0.0000e+00  0.0000e+00  0.0000e+00  0.0000e+00
 2.2727e+01  0.0000e+00 5  0.0000e+00  0.0000e+00  0.0000e+00  0.0000e+00
 1.9231e+01  0.0000e+00 5  0.0000e+00  0.0000e+00  0.0000e+00  0.0000e+00
 1.6667e+01  0.0000e+00 5  0.0000e+00  0.0000e+00  0.0000e+00  0.0000e+00
 1.4706e+01  0.0000e+00 5  1.8151e-01 -2.4033e-01  1.7630e-01 -4.3204e-02
 1.3158e+01  0.0000e+00 5  2.7671e-03 -4.4945e-01  2.4923e-03 -1.2022e-03
 1.1905e+01  0.0000e+00 5  6.9284e-04 -1.1013e+00  3.1345e-04 -6.1788e-04
 1.0870e+01  0.0000e+00 5  4.7275e-04 -1.5379e+00  1.5557e-05 -4.7249e-04
 1.0000e+01  0.0000e+00 5  3.7965e-04 -1.6699e+00 -3.7573e-05 -3.7779e-04
 9.2593e+00  0.0000e+00 5  2.8993e-04 -1.7647e+00 -5.5861e-05 -2.8450e-04
 8.6207e+00  0.0000e+00 5  2.0007e-04 -1.9103e+00 -6.6625e-05 -1.8865e-04
 8.0645e+00  0.0000e+00 5  1.2083e-04 -2.2788e+00 -7.8583e-05 -9.1791e-05
 7.5758e+00  0.0000e+00 5  9.3572e-05  3.1159e+00 -9.3541e-05  2.4080e-06
 7.1429e+00  0.0000e+00 5  1.4273e-04  2.4492e+00 -1.0987e-04  9.1115e-05
 6.7568e+00  0.0000e+00 5  2.1322e-04  2.2018e+00 -1.2579e-04  1.7216e-04
 6.4103e+00  0.0000e+00 5  2.8264e-04  2.0889e+00 -1.3997e-04  2.4556e-04
 6.0976e+00  0.0000e+00 5  3.4584e-04  2.0165e+00 -1.4909e-04  3.1205e-04
 5.8140e+00  0.0000e+00 5  4.0564e-04  1.9521e+00 -1.5094e-04  3.7651e-04
 5.5556e+00  0.0000e+00 5  4.6640e-04  1.8776e+00 -1.4087e-04  4.4462e-04
 5.3191e+00  0.0000e+00 5  5.3717e-04  1.7763e+00 -1.0962e-04  5.2587e-04
 5.1020e+00  0.0000e+00 5  6.3050e-04  1.6351e+00 -4.0535e-05  6.2920e-04
 4.9020e+00  0.0000e+00 5  7.7111e-04  1.3856e+00  1.4201e-04  7.5792e-04
 4.7170e+00  0.0000e+00 5  9.4400e-04  9.6059e-01  5.4094e-04  7.7364e-04
 4.5455e+00  0.0000e+00 5  9.5533e-04  2.7489e-01  9.1947e-04  2.5931e-04
 4.3860e+00  0.0000e+00 5  6.7492e-04 -3.4912e-01  6.3421e-04 -2.3087e-04
 4.2373e+00  0.0000e+00 5  4.1494e-04 -7.7973e-01  2.9507e-04 -2.9174e-04
 4.0984e+00  0.0000e+00 5  2.6787e-04 -1.0226e+00  1.3961e-04 -2.2861e-04
 3.9683e+00  0.0000e+00 5  1.7954e-04 -1.2241e+00  6.1005e-05 -1.6886e-04
 3.8462e+00  0.0000e+00 5  1.2537e-04 -1.3913e+00  2.2378e-05 -1.2335e-04
 3.7313e+00  0.0000e+00 5  8.9962e-05 -1.5437e+00  2.4357e-06 -8.9929e-05
 3.6232e+00  0.0000e+00 5  6.5388e-05 -1.6926e+00 -7.9421e-06 -6.4904e-05
 3.5211e+00  0.0000e+00 5  4.8517e-05 -1.8244e+00 -1.2171e-05 -4.6966e-05
 3.4247e+00  0.0000e+00 5  3.6086e-05 -1.9517e+00 -1.3416e-05 -3.3499e-05
 3.3333e+00  0.0000e+00 5  2.6980e-05 -2.0614e+00 -1.2712e-05 -2.3797e-05
 3.2468e+00  0.0000e+00 5  2.0217e-05 -2.1452e+00 -1.0985e-05 -1.6972e-05
 5.0000e+01  0.0000e+00 6  0.0000e+00  0.0000e+00  0.0000e+00  0.0000e+00
 3.5714e+01  0.0000e+00 6  0.0000e+00  0.0000e+00  0.0000e+00  0.0000e+00
 2.7778e+01  0.0000e+00 6  0.0000e+00  0.0000e+00  0.0000e+00  0.0000e+00
 2.2727e+01  0.0000e+00 6  0.0000e+00  0.0000e+00  0.0000e+00  0.0000e+00
 1.9231e+01  0.0000e+00 6  0.0000e+00  0.0000e+00  0.0000e+00  0.0000e+00
 1.6667e+01  0.0000e+00 6  0.0000e+00  0.0000e+00  0.0000e+00  0.0000e+00
 1.4706e+01  0.0000e+00 6  0.0000e+00  0.0000e+00  0.0000e+00  0.0000e+00
 1.3158e+01  0.0000e+00 6  0.0000e+00  0.0000e+00  0.0000e+00  0.0000e+00
 1.1905e+01  0.0000e+00 6  0.0000e+00  0.0000e+00  0.0000e+00  0.0000e+00
 1.0870e+01  0.0000e+00 6  0.0000e+00  0.0000e+00  0.0000e+00  0.0000e+00
 1.0000e+01  0.0000e+00 6  0.0000e+00  0.0000e+00  0.0000e+00  0.0000e+00
 9.2593e+00  0.0000e+00 6  0.0000e+00  0.0000e+00  0.0000e+00  0.0000e+00
 8.6207e+00  0.0000e+00 6  0.0000e+00 -0.0000e+00  0.0000e+00 -0.0000e+00
 8.0645e+00  0.0000e+00 6  0.0000e+00  0.0000e+00  0.0000e+00  0.0000e+00
 7.5758e+00  0.0000e+00 6  0.0000e+00  0.0000e+00  0.0000e+00  0.0000e+00
 7.1429e+00  0.0000e+00 6  0.0000e+00  0.0000e+00  0.0000e+00  0.0000e+00
 6.7568e+00  0.0000e+00 6  0.0000e+00  0.0000e+00  0.0000e+00  0.0000e+00
 6.4103e+00  0.0000e+00 6  0.0000e+00 -0.0000e+00  0.0000e+00 -0.0000e+00
 6.0976e+00  0.0000e+00 6  0.0000e+00  0.0000e+00  0.0000e+00  0.0000e+00
 5.8140e+00  0.0000e+00 6  0.0000e+00  0.0000e+00  0.0000e+00  0.0000e+00
 5.5556e+00  0.0000e+00 6  0.0000e+00  0.0000e+00  0.0000e+00  0.0000e+00
 5.3191e+00  0.0000e+00 6  0.0000e+00  0.0000e+00  0.0000e+00  0.0000e+00
 5.1020e+00  0.0000e+00 6  0.0000e+00  0.0000e+00  0.0000e+00  0.0000e+00
 4.9020e+00  0.0000e+00 6  0.0000e+00  0.0000e+00  0.0000e+00  0.0000e+00
 4.7170e+00  0.0000e+00 6  0.0000e+00  0.0000e+00  0.0000e+00  0.0000e+00
 4.5455e+00  0.0000e+00 6  0.0000e+00  0.0000e+00  0.0000e+00  0.0000e+00
 4.3860e+00  0.0000e+00 6  0.0000e+00  0.0000e+00  0.0000e+00  0.0000e+00
 4.2373e+00  0.0000e+00 6  0.0000e+00  0.0000e+00  0.0000e+00  0.0000e+00
 4.0984e+00  0.0000e+00 6  0.0000e+00  0.0000e+00  0.0000e+00  0.0000e+00
 3.9683e+00  0.0000e+00 6  0.0000e+00  0.0000e+00  0.0000e+00  0.0000e+00
 3.8462e+00  0.0000e+00 6  0.0000e+00  0.0000e+00  0.0000e+00  0.0000e+00
 3.7313e+00  0.0000e+00 6  0.0000e+00  0.0000e+00  0.0000e+00  0.0000e+00
 3.6232e+00  0.0000e+00 6  0.0000e+00 -0.0000e+00  0.0000e+00 -0.0000e+00
 3.5211e+00  0.0000e+00 6  0.0000e+00  0.0000e+00  0.0000e+00  0.0000e+00
 3.4247e+00  0.0000e+00 6  0.0000e+00  0.0000e+00  0.0000e+00  0.0000e+00
 3.3333e+00  0.0000e+00 6  0.0000e+00  0.0000e+00  0.0000e+00  0.0000e+00
 3.2468e+00  0.0000e+00 6  0.0000e+00  0.0000e+00  0.0000e+00  0.0000e+00
