 5.0000e+01  0.0000e+00 1  0.0000e+00  0.0000e+00  0.0000e+00  0.0000e+00
 3.5714e+01  0.0000e+00 1  0.0000e+00  0.0000e+00  0.0000e+00  0.0000e+00
 2.7778e+01  0.0000e+00 1  0.0000e+00  0.0000e+00  0.0000e+00  0.0000e+00
 2.2727e+01  0.0000e+00 1  0.0000e+00  0.0000e+00  0.0000e+00  0.0000e+00
 1.9231e+01  0.0000e+00 1  0.0000e+00  0.0000e+00  0.0000e+00  0.0000e+00
 1.6667e+01  0.0000e+00 1  3.8613e+02 -3.0388e+00 -3.8409e+02 -3.9602e+01
 1.4706e+01  0.0000e+00 1  9.8956e+00 -2.9670e+00 -9.7451e+00 -1.7191e+00
 1.3158e+01  0.0000e+00 1  8.7775e-01 -1.9992e+00 -3.6463e-01 -7.9842e-01
 1.1905e+01  0.0000e+00 1  6.0689e-01 -1.8335e+00 -1.5761e-01 -5.8607e-01
 1.0870e+01  0.0000e+00 1  4.6500e-01 -1.8339e+00 -1.2095e-01 -4.4900e-01
 1.0000e+01  0.0000e+00 1  3.7150e-01 -1.8664e+00 -1.0821e-01 -3.5539e-01
 9.2593e+00  0.0000e+00 1  3.0327e-01 -1.9010e+00 -9.8344e-02 -2.8689e-01
 8.6207e+00  0.0000e+00 1  2.5007e-01 -1.9333e+00 -8.8669e-02 -2.3382e-01
 8.0645e+00  0.0000e+00 1  2.0816e-01 -1.9590e+00 -7.8800e-02 -1.9266e-01
 7.5758e+00  0.0000e+00 1  1.7276e-01 -1.9823e+00 -6.9101e-02 -1.5834e-01
 7.1429e+00  0.0000e+00 1  1.4258e-01 -2.0065e+00 -6.0177e-02 -1.2926e-01
 6.7568e+00  0.0000e+00 1  1.1656e-01 -2.0396e+00 -5.2666e-02 -1.0398e-01
 6.4103e+00  0.0000e+00 1  9.3928e-02 -2.0833e+00 -4.6061e-02 -8.1859e-02
 6.0976e+00  0.0000e+00 1  7.4641e-02 -2.1308e+00 -3.9647e-02 -6.3241e-02
 5.8140e+00  0.0000e+00 1  5.7812e-02 -2.1822e+00 -3.3183e-02 -4.7341e-02
 5.5556e+00  0.0000e+00 1  4.3246e-02 -2.2260e+00 -2.6352e-02 -3.4290e-02
 5.3191e+00  0.0000e+00 1  3.0646e-02 -2.2263e+00 -1.8681e-02 -2.4294e-02
 5.1020e+00  0.0000e+00 1  2.0389e-02 -2.0703e+00 -9.7656e-03 -1.7899e-02
 4.9020e+00  0.0000e+00 1  1.9108e-02 -1.5628e+00  1.5355e-04 -1.9107e-02
 4.7170e+00  0.0000e+00 1  3.1144e-02 -1.4762e+00  2.9425e-03 -3.1005e-02
 4.5455e+00  0.0000e+00 1  4.1140e-02 -1.9655e+00 -1.5819e-02 -3.7977e-02
 4.3860e+00  0.0000e+00 1  3.6509e-02 -2.4723e+00 -2.8632e-02 -2.2652e-02
 4.2373e+00  0.0000e+00 1  2.8441e-02 -2.8554e+00 -2.7284e-02 -8.0288e-03
 4.0984e+00  0.0000e+00 1  2.1932e-02 -3.1253e+00 -2.1929e-02 -3.5667e-04
 3.9683e+00  0.0000e+00 1  1.7138e-02  2.9124e+00 -1.6690e-02  3.8935e-03
 3.8462e+00  0.0000e+00 1  1.3521e-02  2.6859e+00 -1.2142e-02  5.9501e-03
 3.7313e+00  0.0000e+00 1  1.0715e-02  2.4662e+00 -8.3626e-03  6.6996e-03
 3.6232e+00  0.0000e+00 1  8.4772e-03  2.2407e+00 -5.2634e-03  6.6452e-03
 3.5211e+00  0.0000e+00 1  6.6605e-03  2.0215e+00 -2.9011e-03  5.9955e-03
 3.4247e+00  0.0000e+00 1  5.1684e-03  1.7885e+00 -1.1166e-03  5.0463e-03
 3.3333e+00  0.0000e+00 1  3.9314e-03  1.5450e+00  1.0148e-04  3.9301e-03
 3.2468e+00  0.0000e+00 1  2.9096e-03  1.2815e+00  8.3014e-04  2.7886e-03
 5.0000e+01  0.0000e+00 2  0.0000e+00  0.0000e+00  0.0000e+00  0.0000e+00
 3.5714e+01  0.0000e+00 2  0.0000e+00  0.0000e+00  0.0000e+00  0.0000e+00
 2.7778e+01  0.0000e+00 2  0.0000e+00  0.0000e+00  0.0000e+00  0.0000e+00
 2.2727e+01  0.0000e+00 2  0.0000e+00  0.0000e+00  0.0000e+00  0.0000e+00
 1.9231e+01  0.0000e+00 2  0.0000e+00  0.0000e+00  0.0000e+00  0.0000e+00
 1.6667e+01  0.0000e+00 2  0.0000e+00  0.0000e+00  0.0000e+00  0.0000e+00
 1.4706e+01  0.0000e+00 2  0.0000e+00  0.0000e+00  0.0000e+00  0.0000e+00
 1.3158e+01  0.0000e+00 2  0.0000e+00  0.0000e+00  0.0000e+00  0.0000e+00
 1.1905e+01  0.0000e+00 2  0.0000e+00  0.0000e+00  0.0000e+00  0.0000e+00
 1.0870e+01  0.0000e+00 2  0.0000e+00  0.0000e+00  0.0000e+00  0.0000e+00
 1.0000e+01  0.0000e+00 2  0.0000e+00  0.0000e+00  0.0000e+00  0.0000e+00
 9.2593e+00  0.0000e+00 2  0.0000e+00  0.0000e+00  0.0000e+00  0.0000e+00
 8.6207e+00  0.0000e+00 2  0.0000e+00  0.0000e+00  0.0000e+00  0.0000e+00
 8.0645e+00  0.0000e+00 2  0.0000e+00  0.0000e+00  0.0000e+00  0.0000e+00
 7.5758e+00  0.0000e+00 2  0.0000e+00  0.0000e+00  0.0000e+00  0.0000e+00
 7.1429e+00  0.0000e+00 2  0.0000e+00  0.0000e+00  0.0000e+00  0.0000e+00
 6.7568e+00  0.0000e+00 2  0.0000e+00  0.0000e+00  0.0000e+00  0.0000e+00
 6.4103e+00  0.0000e+00 2  0.0000e+00  0.0000e+00  0.0000e+00  0.0000e+00
 6.0976e+00  0.0000e+00 2  0.0000e+00  0.0000e+00  0.0000e+00  0.0000e+00
 5.8140e+00  0.0000e+00 2  0.0000e+00  0.0000e+00  0.0000e+00  0.0000e+00
 5.5556e+00  0.0000e+00 2  0.0000e+00  0.0000e+00  0.0000e+00  0.0000e+00
 5.3191e+00  0.0000e+00 2  0.0000e+00  0.0000e+00  0.0000e+00  0.0000e+00
 5.1020e+00  0.0000e+00 2  0.0000e+00  0.0000e+00  0.0000e+00  0.0000e+00
 4.9020e+00  0.0000e+00 2  0.0000e+00  0.0000e+00  0.0000e+00  0.0000e+00
 4.7170e+00  0.0000e+00 2  0.0000e+00  0.0000e+00  0.0000e+00  0.0000e+00
 4.5455e+00  0.0000e+00 2  0.0000e+00  0.0000e+00  0.0000e+00  0.0000e+00
 4.3860e+00  0.0000e+00 2  0.0000e+00  0.0000e+00  0.0000e+00  0.0000e+00
 4.2373e+00  0.0000e+00 2  0.0000e+00  0.0000e+00  0.0000e+00  0.0000e+00
 4.0984e+00  0.0000e+00 2  0.0000e+00  0.0000e+00  0.0000e+00  0.0000e+00
 3.9683e+00  0.0000e+00 2  0.0000e+00  0.0000e+00  0.0000e+00  0.0000e+00
 3.8462e+00  0.0000e+00 2  0.0000e+00  0.0000e+00  0.0000e+00  0.0000e+00
 3.7313e+00  0.0000e+00 2  0.0000e+00  0.0000e+00  0.0000e+00  0.0000e+00
 3.6232e+00  0.0000e+00 2  0.0000e+00  0.0000e+00  0.0000e+00  0.0000e+00
 3.5211e+00  0.0000e+00 2  0.0000e+00  0.0000e+00  0.0000e+00  0.0000e+00
 3.4247e+00  0.0000e+00 2  0.0000e+00  0.0000e+00  0.0000e+00  0.0000e+00
 3.3333e+00  0.0000e+00 2  0.0000e+00  0.0000e+00  0.0000e+00  0.0000e+00
 3.2468e+00  0.0000e+00 2  0.0000e+00  0.0000e+00  0.0000e+00  0.0000e+00
 5.0000e+01  0.0000e+00 3  0.0000e+00  0.0000e+00  0.0000e+00  0.0000e+00
 3.5714e+01  0.0000e+00 3  0.0000e+00  0.0000e+00  0.0000e+00  0.0000e+00
 2.7778e+01  0.0000e+00 3  0.0000e+00  0.0000e+00  0.0000e+00  0.0000e+00
 2.2727e+01  0.0000e+00 3  0.0000e+00  0.0000e+00  0.0000e+00  0.0000e+00
 1.9231e+01  0.0000e+00 3  0.0000e+00  0.0000e+00  0.0000e+00  0.0000e+00
 1.6667e+01  0.0000e+00 3  2.0640e+00 -8.1705e-02  2.0571e+00 -1.6845e-01
 1.4706e+01  0.0000e+00 3  1.0992e-01 -1.0102e-01  1.0936e-01 -1.1085e-02
 1.3158e+01  0.0000e+00 3  7.4743e-03 -7.8585e-01  5.2827e-03 -5.2875e-03
 1.1905e+01  0.0000e+00 3  3.3837e-03 -1.4281e+00  4.8123e-04 -3.3493e-03
 1.0870e+01  0.0000e+00 3  1.9816e-03 -1.7637e+00 -3.7990e-04 -1.9448e-03
 1.0000e+01  0.0000e+00 3  9.1688e-04 -2.0040e+00 -3.8492e-04 -8.3217e-04
 9.2593e+00  0.0000e+00 3  1.9062e-04  2.5853e+00 -1.6188e-04  1.0065e-04
 8.6207e+00  0.0000e+00 3  9.1955e-04  1.4035e+00  1.5311e-04  9.0672e-04
 8.0645e+00  0.0000e+00 3  1.6725e-03  1.2580e+00  5.1469e-04  1.5913e-03
 7.5758e+00  0.0000e+00 3  2.3579e-03  1.1819e+00  8.9394e-04  2.1819e-03
 7.1429e+00  0.0000e+00 3  2.9664e-03  1.1200e+00  1.2924e-03  2.6701e-03
 6.7568e+00  0.0000e+00 3  3.5070e-03  1.0524e+00  1.7376e-03  3.0462e-03
 6.4103e+00  0.0000e+00 3  4.0040e-03  9.7541e-01  2.2455e-03  3.3150e-03
 6.0976e+00  0.0000e+00 3  4.4746e-03  8.8236e-01  2.8428e-03  3.4554e-03
 5.8140e+00  0.0000e+00 3  4.9659e-03  7.7230e-01  3.5571e-03  3.4651e-03
 5.5556e+00  0.0000e+00 3  5.5404e-03  6.3430e-01  4.4627e-03  3.2833e-03
 5.3191e+00  0.0000e+00 3  6.2971e-03  4.5573e-01  5.6544e-03  2.7715e-03
 5.1020e+00  0.0000e+00 3  7.3952e-03  2.2632e-01  7.2066e-03  1.6594e-03
 4.9020e+00  0.0000e+00 3  9.0288e-03 -1.3663e-01  8.9446e-03 -1.2298e-03
 4.7170e+00  0.0000e+00 3  1.0736e-02 -6.8258e-01  8.3309e-03 -6.7726e-03
 4.5455e+00  0.0000e+00 3  1.0050e-02 -1.4338e+00  1.3730e-03 -9.9557e-03
 4.3860e+00  0.0000e+00 3  7.0202e-03 -2.0537e+00 -3.2599e-03 -6.2174e-03
 4.2373e+00  0.0000e+00 3  4.5178e-03 -2.4964e+00 -3.6095e-03 -2.7169e-03
 4.0984e+00  0.0000e+00 3  3.0441e-03 -2.7724e+00 -2.8389e-03 -1.0986e-03
 3.9683e+00  0.0000e+00 3  2.1222e-03 -3.0046e+00 -2.1023e-03 -2.8989e-04
 3.8462e+00  0.0000e+00 3  1.5269e-03  3.0925e+00 -1.5251e-03  7.4902e-05
 3.7313e+00  0.0000e+00 3  1.1201e-03  2.9387e+00 -1.0971e-03  2.2571e-04
 3.6232e+00  0.0000e+00 3  8.2605e-04  2.8099e+00 -7.8103e-04  2.6898e-04
 3.5211e+00  0.0000e+00 3  6.1794e-04  2.7257e+00 -5.6527e-04  2.4965e-04
 3.4247e+00  0.0000e+00 3  4.6338e-04  2.6785e+00 -4.1456e-04  2.0702e-04
 3.3333e+00  0.0000e+00 3  3.5431e-04  2.6841e+00 -3.1787e-04  1.5650e-04
 3.2468e+00  0.0000e+00 3  2.8185e-04  2.7411e+00 -2.5955e-04  1.0988e-04
 5.0000e+01  0.0000e+00 4  0.0000e+00  0.0000e+00  0.0000e+00  0.0000e+00
 3.5714e+01  0.0000e+00 4  0.0000e+00  0.0000e+00  0.0000e+00  0.0000e+00
 2.7778e+01  0.0000e+00 4  0.0000e+00  0.0000e+00  0.0000e+00  0.0000e+00
 2.2727e+01  0.0000e+00 4  0.0000e+00  0.0000e+00  0.0000e+00  0.0000e+00
 1.9231e+01  0.0000e+00 4  0.0000e+00  0.0000e+00  0.0000e+00  0.0000e+00
 1.6667e+01  0.0000e+00 4  0.0000e+00  0.0000e+00  0.0000e+00  0.0000e+00
 1.4706e+01  0.0000e+00 4  0.0000e+00  0.0000e+00  0.0000e+00  0.0000e+00
 1.3158e+01  0.0000e+00 4  0.0000e+00 -0.0000e+00  0.0000e+00 -0.0000e+00
 1.1905e+01  0.0000e+00 4  0.0000e+00  0.0000e+00  0.0000e+00  0.0000e+00
 1.0870e+01  0.0000e+00 4  0.0000e+00  0.0000e+00  0.0000e+00  0.0000e+00
 1.0000e+01  0.0000e+00 4  0.0000e+00  0.0000e+00  0.0000e+00  0.0000e+00
 9.2593e+00  0.0000e+00 4  0.0000e+00  0.0000e+00  0.0000e+00  0.0000e+00
 8.6207e+00  0.0000e+00 4  0.0000e+00 -0.0000e+00  0.0000e+00 -0.0000e+00
 8.0645e+00  0.0000e+00 4  0.0000e+00  0.0000e+00  0.0000e+00  0.0000e+00
 7.5758e+00  0.0000e+00 4  0.0000e+00  0.0000e+00  0.0000e+00  0.0000e+00
 7.1429e+00  0.0000e+00 4  0.0000e+00  0.0000e+00  0.0000e+00  0.0000e+00
 6.7568e+00  0.0000e+00 4  0.0000e+00  0.0000e+00  0.0000e+00  0.0000e+00
 6.4103e+00  0.0000e+00 4  0.0000e+00 -0.0000e+00  0.0000e+00 -0.0000e+00
 6.0976e+00  0.0000e+00 4  0.0000e+00  0.0000e+00  0.0000e+00  0.0000e+00
 5.8140e+00  0.0000e+00 4  0.0000e+00  0.0000e+00  0.0000e+00  0.0000e+00
 5.5556e+00  0.0000e+00 4  0.0000e+00  0.0000e+00  0.0000e+00  0.0000e+00
 5.3191e+00  0.0000e+00 4  0.0000e+00  0.0000e+00  0.0000e+00  0.0000e+00
 5.1020e+00  0.0000e+00 4  0.0000e+00  0.0000e+00  0.0000e+00  0.0000e+00
 4.9020e+00  0.0000e+00 4  0.0000e+00  0.0000e+00  0.0000e+00  0.0000e+00
 4.7170e+00  0.0000e+00 4  0.0000e+00  0.0000e+00  0.0000e+00  0.0000e+00
 4.5455e+00  0.0000e+00 4  0.0000e+00  0.0000e+00  0.0000e+00  0.0000e+00
 4.3860e+00  0.0000e+00 4  0.0000e+00  0.0000e+00  0.0000e+00  0.0000e+00
 4.2373e+00  0.0000e+00 4  0.0000e+00  0.0000e+00  0.0000e+00  0.0000e+00
 4.0984e+00  0.0000e+00 4  0.0000e+00  0.0000e+00  0.0000e+00  0.0000e+00
 3.9683e+00  0.0000e+00 4  0.0000e+00  0.0000e+00  0.0000e+00  0.0000e+00
 3.8462e+00  0.0000e+00 4  0.0000e+00  0.0000e+00  0.0000e+00  0.0000e+00
 3.7313e+00  0.0000e+00 4  0.0000e+00  0.0000e+00  0.0000e+00  0.0000e+00
 3.6232e+00  0.0000e+00 4  0.0000e+00  0.0000e+00  0.0000e+00  0.0000e+00
 3.5211e+00  0.0000e+00 4  0.0000e+00  0.0000e+00  0.0000e+00  0.0000e+00
 3.4247e+00  0.0000e+00 4  0.0000e+00  0.0000e+00  0.0000e+00  0.0000e+00
 3.3333e+00  0.0000e+00 4  0.0000e+00  0.0000e+00  0.0000e+00  0.0000e+00
 3.2468e+00  0.0000e+00 4  0.0000e+00  0.0000e+00  0.0000e+00  0.0000e+00
 5.0000e+01  0.0000e+00 5  0.0000e+00  0.0000e+00  0.0000e+00  0.0000e+00
 3.5714e+01  0.0000e+00 5  0.0000e+00  0.0000e+00  0.0000e+00  0.0000e+00
 2.7778e+01  0.0000e+00 5  0.0000e+00  0.0000e+00  0.0000e+00  0.0000e+00
 2.2727e+01  0.0000e+00 5  0.0000e+00  0.0000e+00  0.0000e+00  0.0000e+00
 1.9231e+01  0.0000e+00 5  0.0000e+00  0.0000e+00  0.0000e+00  0.0000e+00
 1.6667e+01  0.0000e+00 5  2.1071e-01 -6.9966e-02  2.1020e-01 -1.4731e-02
 1.4706e+01  0.0000e+00 5  1.3453e-02 -9.9964e-02  1.3386e-02 -1.3426e-03
 1.3158e+01  0.0000e+00 5  9.2926e-04 -7.8531e-01  6.5714e-04 -6.5703e-04
 1.1905e+01  0.0000e+00 5  4.2092e-04 -1.4277e+00  6.0024e-05 -4.1662e-04
 1.0870e+01  0.0000e+00 5  2.4653e-04 -1.7633e+00 -4.7176e-05 -2.4197e-04
 1.0000e+01  0.0000e+00 5  1.1406e-04 -2.0036e+00 -4.7842e-05 -1.0355e-04
 9.2593e+00  0.0000e+00 5  2.3685e-05  2.5852e+00 -2.0112e-05  1.2508e-05
 8.6207e+00  0.0000e+00 5  1.1438e-04  1.4033e+00  1.9074e-05  1.1278e-04
 8.0645e+00  0.0000e+00 5  2.0804e-04  1.2577e+00  6.4067e-05  1.9793e-04
 7.5758e+00  0.0000e+00 5  2.9328e-04  1.1817e+00  1.1126e-04  2.7136e-04
 7.1429e+00  0.0000e+00 5  3.6896e-04  1.1197e+00  1.6084e-04  3.3205e-04
 6.7568e+00  0.0000e+00 5  4.3616e-04  1.0521e+00  2.1624e-04  3.7878e-04
 6.4103e+00  0.0000e+00 5  4.9794e-04  9.7504e-01  2.7941e-04  4.1216e-04
 6.0976e+00  0.0000e+00 5  5.5642e-04  8.8197e-01  3.5368e-04  4.2955e-04
 5.8140e+00  0.0000e+00 5  6.1746e-04  7.7191e-01  4.4246e-04  4.3068e-04
 5.5556e+00  0.0000e+00 5  6.8882e-04  6.3393e-01  5.5498e-04  4.0800e-04
 5.3191e+00  0.0000e+00 5  7.8278e-04  4.5542e-01  7.0300e-04  3.4430e-04
 5.1020e+00  0.0000e+00 5  9.1911e-04  2.2612e-01  8.9571e-04  2.0607e-04
 4.9020e+00  0.0000e+00 5  1.1219e-03 -1.3650e-01  1.1115e-03 -1.5267e-04
 4.7170e+00  0.0000e+00 5  1.3342e-03 -6.8190e-01  1.0358e-03 -8.4091e-04
 4.5455e+00  0.0000e+00 5  1.2498e-03 -1.4327e+00  1.7199e-04 -1.2379e-03
 4.3860e+00  0.0000e+00 5  8.7341e-04 -2.0531e+00 -4.0507e-04 -7.7380e-04
 4.2373e+00  0.0000e+00 5  5.6211e-04 -2.4961e+00 -4.4901e-04 -3.3816e-04
 4.0984e+00  0.0000e+00 5  3.7870e-04 -2.7723e+00 -3.5317e-04 -1.3671e-04
 3.9683e+00  0.0000e+00 5  2.6399e-04 -3.0046e+00 -2.6152e-04 -3.6059e-05
 3.8462e+00  0.0000e+00 5  1.8992e-04  3.0925e+00 -1.8969e-04  9.3258e-06
 3.7313e+00  0.0000e+00 5  1.3931e-04  2.9386e+00 -1.3645e-04  2.8082e-05
 3.6232e+00  0.0000e+00 5  1.0273e-04  2.8098e+00 -9.7131e-05  3.3459e-05
 3.5211e+00  0.0000e+00 5  7.6847e-05  2.7256e+00 -7.0294e-05  3.1051e-05
 3.4247e+00  0.0000e+00 5  5.7622e-05  2.6784e+00 -5.1550e-05  2.5746e-05
 3.3333e+00  0.0000e+00 5  4.4057e-05  2.6841e+00 -3.9525e-05  1.9461e-05
 3.2468e+00  0.0000e+00 5  3.5046e-05  2.7411e+00 -3.2273e-05  1.3663e-05
 5.0000e+01  0.0000e+00 6  0.0000e+00  0.0000e+00  0.0000e+00  0.0000e+00
 3.5714e+01  0.0000e+00 6  0.0000e+00  0.0000e+00  0.0000e+00  0.0000e+00
 2.7778e+01  0.0000e+00 6  0.0000e+00  0.0000e+00  0.0000e+00  0.0000e+00
 2.2727e+01  0.0000e+00 6  0.0000e+00  0.0000e+00  0.0000e+00  0.0000e+00
 1.9231e+01  0.0000e+00 6  0.0000e+00  0.0000e+00  0.0000e+00  0.0000e+00
 1.6667e+01  0.0000e+00 6  0.0000e+00  0.0000e+00  0.0000e+00  0.0000e+00
 1.4706e+01  0.0000e+00 6  0.0000e+00  0.0000e+00  0.0000e+00  0.0000e+00
 1.3158e+01  0.0000e+00 6  0.0000e+00  0.0000e+00  0.0000e+00  0.0000e+00
 1.1905e+01  0.0000e+00 6  0.0000e+00  0.0000e+00  0.0000e+00  0.0000e+00
 1.0870e+01  0.0000e+00 6  0.0000e+00  0.0000e+00  0.0000e+00  0.0000e+00
 1.0000e+01  0.0000e+00 6  0.0000e+00  0.0000e+00  0.0000e+00  0.0000e+00
 9.2593e+00  0.0000e+00 6  0.0000e+00  0.0000e+00  0.0000e+00  0.0000e+00
 8.6207e+00  0.0000e+00 6  0.0000e+00  0.0000e+00  0.0000e+00  0.0000e+00
 8.0645e+00  0.0000e+00 6  0.0000e+00  0.0000e+00  0.0000e+00  0.0000e+00
 7.5758e+00  0.0000e+00 6  0.0000e+00  0.0000e+00  0.0000e+00  0.0000e+00
 7.1429e+00  0.0000e+00 6  0.0000e+00  0.0000e+00  0.0000e+00  0.0000e+00
 6.7568e+00  0.0000e+00 6  0.0000e+00  0.0000e+00  0.0000e+00  0.0000e+00
 6.4103e+00  0.0000e+00 6  0.0000e+00  0.0000e+00  0.0000e+00  0.0000e+00
 6.0976e+00  0.0000e+00 6  0.0000e+00  0.0000e+00  0.0000e+00  0.0000e+00
 5.8140e+00  0.0000e+00 6  0.0000e+00  0.0000e+00  0.0000e+00  0.0000e+00
 5.5556e+00  0.0000e+00 6  0.0000e+00  0.0000e+00  0.0000e+00  0.0000e+00
 5.3191e+00  0.0000e+00 6  0.0000e+00  0.0000e+00  0.0000e+00  0.0000e+00
 5.1020e+00  0.0000e+00 6  0.0000e+00  0.0000e+00  0.0000e+00  0.0000e+00
 4.9020e+00  0.0000e+00 6  0.0000e+00  0.0000e+00  0.0000e+00  0.0000e+00
 4.7170e+00  0.0000e+00 6  0.0000e+00  0.0000e+00  0.0000e+00  0.0000e+00
 4.5455e+00  0.0000e+00 6  0.0000e+00  0.0000e+00  0.0000e+00  0.0000e+00
 4.3860e+00  0.0000e+00 6  0.0000e+00  0.0000e+00  0.0000e+00  0.0000e+00
 4.2373e+00  0.0000e+00 6  0.0000e+00  0.0000e+00  0.0000e+00  0.0000e+00
 4.0984e+00  0.0000e+00 6  0.0000e+00  0.0000e+00  0.0000e+00  0.0000e+00
 3.9683e+00  0.0000e+00 6  0.0000e+00  0.0000e+00  0.0000e+00  0.0000e+00
 3.8462e+00  0.0000e+00 6  0.0000e+00  0.0000e+00  0.0000e+00  0.0000e+00
 3.7313e+00  0.0000e+00 6  0.0000e+00  0.0000e+00  0.0000e+00  0.0000e+00
 3.6232e+00  0.0000e+00 6  0.0000e+00  0.0000e+00  0.0000e+00  0.0000e+00
 3.5211e+00  0.0000e+00 6  0.0000e+00  0.0000e+00  0.0000e+00  0.0000e+00
 3.4247e+00  0.0000e+00 6  0.0000e+00  0.0000e+00  0.0000e+00  0.0000e+00
 3.3333e+00  0.0000e+00 6  0.0000e+00  0.0000e+00  0.0000e+00  0.0000e+00
 3.2468e+00  0.0000e+00 6  0.0000e+00  0.0000e+00  0.0000e+00  0.0000e+00
