 5.0000e+01  0.0000e+00 1  0.0000e+00  0.0000e+00  0.0000e+00  0.0000e+00
 3.5714e+01  0.0000e+00 1  0.0000e+00  0.0000e+00  0.0000e+00  0.0000e+00
 2.7778e+01  0.0000e+00 1  0.0000e+00  0.0000e+00  0.0000e+00  0.0000e+00
 2.2727e+01  0.0000e+00 1  0.0000e+00  0.0000e+00  0.0000e+00  0.0000e+00
 1.9231e+01  0.0000e+00 1  0.0000e+00  0.0000e+00  0.0000e+00  0.0000e+00
 1.6667e+01  0.0000e+00 1  9.9158e-01 -1.5667e+00  4.1085e-03 -9.9157e-01
 1.4706e+01  0.0000e+00 1  8.5212e-01 -1.5686e+00  1.8631e-03 -8.5212e-01
 1.3158e+01  0.0000e+00 1  7.4556e-01 -1.5676e+00  2.4079e-03 -7.4556e-01
 1.1905e+01  0.0000e+00 1  6.5716e-01 -1.5617e+00  5.9823e-03 -6.5713e-01
 1.0870e+01  0.0000e+00 1  5.7884e-01 -1.5482e+00  1.3099e-02 -5.7870e-01
 1.0000e+01  0.0000e+00 1  5.0987e-01 -1.5245e+00  2.3588e-02 -5.0932e-01
 9.2593e+00  0.0000e+00 1  4.4236e-01 -1.4903e+00  3.5569e-02 -4.4093e-01
 8.6207e+00  0.0000e+00 1  3.7820e-01 -1.4452e+00  4.7369e-02 -3.7523e-01
 8.0645e+00  0.0000e+00 1  3.1678e-01 -1.3952e+00  5.5354e-02 -3.1191e-01
 7.5758e+00  0.0000e+00 1  2.5910e-01 -1.3510e+00  5.6490e-02 -2.5287e-01
 7.1429e+00  0.0000e+00 1  2.0667e-01 -1.3161e+00  5.2071e-02 -2.0000e-01
 6.7568e+00  0.0000e+00 1  1.6031e-01 -1.2875e+00  4.4814e-02 -1.5391e-01
 6.4103e+00  0.0000e+00 1  1.2030e-01 -1.2672e+00  3.5966e-02 -1.1480e-01
 6.0976e+00  0.0000e+00 1  8.6621e-02 -1.2564e+00  2.6787e-02 -8.2375e-02
 5.8140e+00  0.0000e+00 1  5.8818e-02 -1.2537e+00  1.8341e-02 -5.5885e-02
 5.5556e+00  0.0000e+00 1  3.6176e-02 -1.2515e+00  1.1356e-02 -3.4348e-02
 5.3191e+00  0.0000e+00 1  1.7947e-02 -1.2139e+00  6.2707e-03 -1.6815e-02
 5.1020e+00  0.0000e+00 1  3.9466e-03 -6.2153e-01  3.2086e-03 -2.2981e-03
 4.9020e+00  0.0000e+00 1  1.0183e-02  1.3529e+00  2.2012e-03  9.9417e-03
 4.7170e+00  0.0000e+00 1  2.0748e-02  1.4132e+00  3.2567e-03  2.0491e-02
 4.5455e+00  0.0000e+00 1  3.0506e-02  1.3578e+00  6.4483e-03  2.9817e-02
 4.3860e+00  0.0000e+00 1  4.0153e-02  1.2654e+00  1.2072e-02  3.8295e-02
 4.2373e+00  0.0000e+00 1  5.0699e-02  1.1505e+00  2.0687e-02  4.6286e-02
 4.0984e+00  0.0000e+00 1  6.3694e-02  1.0145e+00  3.3631e-02  5.4092e-02
 3.9683e+00  0.0000e+00 1  8.2092e-02  8.5266e-01  5.4016e-02  6.1818e-02
 3.8462e+00  0.0000e+00 1  1.1295e-01  6.4759e-01  9.0085e-02  6.8142e-02
 3.7313e+00  0.0000e+00 1  1.7977e-01  3.2204e-01  1.7053e-01  5.6897e-02
 3.6232e+00  0.0000e+00 1  3.3740e-01 -5.0174e-01  2.9582e-01 -1.6227e-01
 3.5211e+00  0.0000e+00 1  2.5655e-01 -1.8502e+00 -7.0753e-02 -2.4660e-01
 3.4247e+00  0.0000e+00 1  1.2738e-01 -2.4230e+00 -9.5879e-02 -8.3858e-02
 3.3333e+00  0.0000e+00 1  7.8094e-02 -2.7167e+00 -7.1150e-02 -3.2194e-02
 3.2468e+00  0.0000e+00 1  5.4115e-02 -2.9406e+00 -5.3025e-02 -1.0806e-02
 3.1646e+00  0.0000e+00 1  3.9989e-02  3.1394e+00 -3.9989e-02  8.8964e-05
 3.0864e+00  0.0000e+00 1  3.0747e-02  2.9438e+00 -3.0148e-02  6.0406e-03
 3.0120e+00  0.0000e+00 1  2.4268e-02  2.7505e+00 -2.2436e-02  9.2500e-03
 2.9412e+00  0.0000e+00 1  1.9499e-02  2.5566e+00 -1.6257e-02  1.0768e-02
 2.8736e+00  0.0000e+00 1  1.5868e-02  2.3616e+00 -1.1281e-02  1.1159e-02
 2.8090e+00  0.0000e+00 1  1.3021e-02  2.1628e+00 -7.2661e-03  1.0805e-02
 2.7473e+00  0.0000e+00 1  1.0748e-02  1.9590e+00 -4.0682e-03  9.9480e-03
 2.6882e+00  0.0000e+00 1  8.9059e-03  1.7491e+00 -1.5795e-03  8.7648e-03
 2.6316e+00  0.0000e+00 1  7.3991e-03  1.5319e+00  2.8740e-04  7.3936e-03
 2.5773e+00  0.0000e+00 1  6.1564e-03  1.3078e+00  1.6007e-03  5.9447e-03
 2.5253e+00  0.0000e+00 1  5.1295e-03  1.0739e+00  2.4453e-03  4.5091e-03
 2.4752e+00  0.0000e+00 1  4.2812e-03  8.2895e-01  2.8926e-03  3.1562e-03
 2.4272e+00  0.0000e+00 1  3.5830e-03  5.7180e-01  3.0131e-03  1.9390e-03
 2.3810e+00  0.0000e+00 1  3.0121e-03  3.0163e-01  2.8761e-03  8.9482e-04
 2.3364e+00  0.0000e+00 1  2.5469e-03  1.9943e-02  2.5464e-03  5.0791e-05
 2.2936e+00  0.0000e+00 1  2.1734e-03 -2.7390e-01  2.0924e-03 -5.8789e-04
 2.2523e+00  0.0000e+00 1  1.8765e-03 -5.7766e-01  1.5720e-03 -1.0247e-03
 2.2124e+00  0.0000e+00 1  1.6419e-03 -8.8783e-01  1.0362e-03 -1.2736e-03
 2.1739e+00  0.0000e+00 1  1.4567e-03 -1.2005e+00  5.2719e-04 -1.3579e-03
 2.1368e+00  0.0000e+00 1  1.3049e-03 -1.5094e+00  8.0061e-05 -1.3024e-03
 2.1008e+00  0.0000e+00 1  1.1796e-03 -1.8136e+00 -2.8363e-04 -1.1450e-03
 2.0661e+00  0.0000e+00 1  1.0717e-03 -2.1111e+00 -5.5130e-04 -9.1903e-04
 2.0325e+00  0.0000e+00 1  9.7490e-04 -2.4014e+00 -7.1980e-04 -6.5751e-04
 2.0000e+00  0.0000e+00 1  8.8486e-04 -2.6850e+00 -7.9421e-04 -3.9013e-04
 1.9685e+00  0.0000e+00 1  7.9781e-04 -2.9620e+00 -7.8499e-04 -1.4247e-04
 1.9380e+00  0.0000e+00 1  7.1386e-04  3.0477e+00 -7.1072e-04  6.6906e-05
 1.9084e+00  0.0000e+00 1  6.3262e-04  2.7760e+00 -5.9080e-04  2.2618e-04
 1.8797e+00  0.0000e+00 1  5.5432e-04  2.5036e+00 -4.4529e-04  3.3012e-04
 1.8519e+00  0.0000e+00 1  4.7955e-04  2.2282e+00 -2.9304e-04  3.7961e-04
 1.8248e+00  0.0000e+00 1  4.0855e-04  1.9483e+00 -1.5059e-04  3.7978e-04
 1.7986e+00  0.0000e+00 1  3.4284e-04  1.6590e+00 -3.0188e-05  3.4151e-04
 1.7730e+00  0.0000e+00 1  2.8324e-04  1.3556e+00  6.0493e-05  2.7671e-04
 1.7483e+00  0.0000e+00 1  2.3051e-04  1.0321e+00  1.1825e-04  1.9786e-04
 1.7241e+00  0.0000e+00 1  1.8533e-04  6.8095e-01  1.4400e-04  1.1667e-04
 1.7007e+00  0.0000e+00 1  1.4801e-04  2.9607e-01  1.4157e-04  4.3183e-05
 1.6779e+00  0.0000e+00 1  1.1930e-04 -1.3155e-01  1.1827e-04 -1.5648e-05
 1.6556e+00  0.0000e+00 1  9.9185e-05 -5.9931e-01  8.1900e-05 -5.5948e-05
 1.6340e+00  0.0000e+00 1  8.6759e-05 -1.0877e+00  4.0301e-05 -7.6830e-05
 1.6129e+00  0.0000e+00 1  7.9995e-05 -1.5659e+00  3.8855e-07 -7.9994e-05
 1.5924e+00  0.0000e+00 1  7.6092e-05 -2.0096e+00 -3.2330e-05 -6.8882e-05
 1.5723e+00  0.0000e+00 1  7.3198e-05 -2.4149e+00 -5.4708e-05 -4.8630e-05
 1.5528e+00  0.0000e+00 1  6.9977e-05 -2.7871e+00 -6.5627e-05 -2.4287e-05
 1.5337e+00  0.0000e+00 1  6.5817e-05 -3.1350e+00 -6.5815e-05 -4.3568e-07
 1.5152e+00  0.0000e+00 1  6.0586e-05  2.8164e+00 -5.7411e-05  1.9355e-05
 1.4970e+00  0.0000e+00 1  5.4303e-05  2.4952e+00 -4.3347e-05  3.2707e-05
 1.4793e+00  0.0000e+00 1  4.7409e-05  2.1773e+00 -2.7022e-05  3.8954e-05
 1.4620e+00  0.0000e+00 1  4.0233e-05  1.8570e+00 -1.1357e-05  3.8597e-05
 1.4451e+00  0.0000e+00 1  3.3107e-05  1.5278e+00  1.4218e-06  3.3077e-05
 1.4286e+00  0.0000e+00 1  2.6341e-05  1.1813e+00  1.0001e-05  2.4368e-05
 1.4124e+00  0.0000e+00 1  2.0166e-05  8.0775e-01  1.3937e-05  1.4574e-05
 1.3966e+00  0.0000e+00 1  1.4895e-05  3.8342e-01  1.3814e-05  5.5723e-06
 1.3812e+00  0.0000e+00 1  1.0786e-05 -1.2483e-01  1.0702e-05 -1.3428e-06
 1.3661e+00  0.0000e+00 1  8.1097e-06 -7.4772e-01  5.9463e-06 -5.5143e-06
 1.3514e+00  0.0000e+00 1  6.9669e-06 -1.4441e+00  8.8037e-07 -6.9111e-06
 1.3369e+00  0.0000e+00 1  6.8674e-06 -2.0857e+00 -3.3821e-06 -5.9768e-06
 1.3228e+00  0.0000e+00 1  7.1251e-06 -2.6174e+00 -6.1684e-06 -3.5662e-06
 1.3089e+00  0.0000e+00 1  7.2719e-06 -3.0631e+00 -7.2495e-06 -5.7049e-07
 1.2953e+00  0.0000e+00 1  7.1378e-06  2.8261e+00 -6.7854e-06  2.2151e-06
 1.2821e+00  0.0000e+00 1  6.7091e-06  2.4604e+00 -5.2119e-06  4.2248e-06
 1.2690e+00  0.0000e+00 1  6.0201e-06  2.1106e+00 -3.0940e-06  5.1642e-06
 1.2563e+00  0.0000e+00 1  5.1712e-06  1.7655e+00 -1.0004e-06  5.0735e-06
 1.2438e+00  0.0000e+00 1  4.2413e-06  1.4167e+00  6.5114e-07  4.1911e-06
 5.0000e+01  0.0000e+00 2  0.0000e+00  0.0000e+00  0.0000e+00  0.0000e+00
 3.5714e+01  0.0000e+00 2  0.0000e+00  0.0000e+00  0.0000e+00  0.0000e+00
 2.7778e+01  0.0000e+00 2  0.0000e+00  0.0000e+00  0.0000e+00  0.0000e+00
 2.2727e+01  0.0000e+00 2  0.0000e+00  0.0000e+00  0.0000e+00  0.0000e+00
 1.9231e+01  0.0000e+00 2  0.0000e+00  0.0000e+00  0.0000e+00  0.0000e+00
 1.6667e+01  0.0000e+00 2  7.8364e-06 -3.9007e-03  7.8363e-06 -3.0568e-08
 1.4706e+01  0.0000e+00 2  7.9405e-06 -1.9668e-04  7.9405e-06 -1.5617e-09
 1.3158e+01  0.0000e+00 2  9.7844e-06  1.1472e-02  9.7837e-06  1.1225e-07
 1.1905e+01  0.0000e+00 2  1.4037e-05  2.4277e-02  1.4033e-05  3.4073e-07
 1.0870e+01  0.0000e+00 2  2.7881e-05 -2.8277e-02  2.7870e-05 -7.8827e-07
 1.0000e+01  0.0000e+00 2  7.4865e-06 -1.4621e+00  8.1209e-07 -7.4424e-06
 9.2593e+00  0.0000e+00 2  1.5632e-05 -3.5221e-02  1.5622e-05 -5.5045e-07
 8.6207e+00  0.0000e+00 2  2.3818e-05  7.8788e-02  2.3744e-05  1.8747e-06
 8.0645e+00  0.0000e+00 2  3.1486e-05  1.4569e-01  3.1152e-05  4.5710e-06
 7.5758e+00  0.0000e+00 2  3.9143e-05  1.9443e-01  3.8405e-05  7.5626e-06
 7.1429e+00  0.0000e+00 2  4.6822e-05  2.2884e-01  4.5602e-05  1.0621e-05
 6.7568e+00  0.0000e+00 2  5.4421e-05  2.5417e-01  5.2673e-05  1.3684e-05
 6.4103e+00  0.0000e+00 2  6.1907e-05  2.6813e-01  5.9695e-05  1.6401e-05
 6.0976e+00  0.0000e+00 2  6.9373e-05  2.6880e-01  6.6881e-05  1.8423e-05
 5.8140e+00  0.0000e+00 2  7.7051e-05  2.5497e-01  7.4560e-05  1.9433e-05
 5.5556e+00  0.0000e+00 2  8.5319e-05  2.2616e-01  8.3146e-05  1.9132e-05
 5.3191e+00  0.0000e+00 2  9.4738e-05  1.8199e-01  9.3174e-05  1.7146e-05
 5.1020e+00  0.0000e+00 2  1.0604e-04  1.2328e-01  1.0524e-04  1.3040e-05
 4.9020e+00  0.0000e+00 2  1.2031e-04  5.0582e-02  1.2016e-04  6.0829e-06
 4.7170e+00  0.0000e+00 2  1.3918e-04 -3.5567e-02  1.3909e-04 -4.9492e-06
 4.5455e+00  0.0000e+00 2  1.6534e-04 -1.3484e-01  1.6384e-04 -2.2227e-05
 4.3860e+00  0.0000e+00 2  2.0390e-04 -2.4861e-01  1.9763e-04 -5.0170e-05
 4.2373e+00  0.0000e+00 2  2.6435e-04 -3.7710e-01  2.4578e-04 -9.7343e-05
 4.0984e+00  0.0000e+00 2  3.6801e-04 -5.2319e-01  3.1878e-04 -1.8387e-04
 3.9683e+00  0.0000e+00 2  5.7046e-04 -6.9392e-01  4.3854e-04 -3.6484e-04
 3.8462e+00  0.0000e+00 2  1.0580e-03 -9.0834e-01  6.5074e-04 -8.3422e-04
 3.7313e+00  0.0000e+00 2  2.9153e-03 -1.2605e+00  8.9026e-04 -2.7760e-03
 3.6232e+00  0.0000e+00 2  3.9518e-02 -2.6127e+00 -3.4119e-02 -1.9938e-02
 3.5211e+00  0.0000e+00 2  7.0447e-03 -1.5403e-01  6.9613e-03 -1.0808e-03
 3.4247e+00  0.0000e+00 2  1.3511e-03 -7.9877e-01  9.4252e-04 -9.6807e-04
 3.3333e+00  0.0000e+00 2  5.0676e-04 -1.1079e+00  2.2629e-04 -4.5343e-04
 3.2468e+00  0.0000e+00 2  2.5271e-04 -1.3363e+00  5.8710e-05 -2.4579e-04
 3.1646e+00  0.0000e+00 2  1.4487e-04 -1.5429e+00  4.0383e-06 -1.4481e-04
 3.0864e+00  0.0000e+00 2  9.0610e-05 -1.7411e+00 -1.5357e-05 -8.9299e-05
 3.0120e+00  0.0000e+00 2  6.0116e-05 -1.9367e+00 -2.1508e-05 -5.6136e-05
 2.9412e+00  0.0000e+00 2  4.1591e-05 -2.1327e+00 -2.2160e-05 -3.5196e-05
 2.8736e+00  0.0000e+00 2  2.9729e-05 -2.3285e+00 -2.0432e-05 -2.1595e-05
 2.8090e+00  0.0000e+00 2  2.1733e-05 -2.5282e+00 -1.7771e-05 -1.2511e-05
 2.7473e+00  0.0000e+00 2  1.6163e-05 -2.7329e+00 -1.4832e-05 -6.4239e-06
 2.6882e+00  0.0000e+00 2  1.2183e-05 -2.9437e+00 -1.1945e-05 -2.3956e-06
 2.6316e+00  0.0000e+00 2  9.2808e-06  3.1214e+00 -9.2789e-06  1.8729e-07
 2.5773e+00  0.0000e+00 2  7.1339e-06  2.8969e+00 -6.9214e-06  1.7280e-06
 2.5253e+00  0.0000e+00 2  5.5225e-06  2.6626e+00 -4.9011e-06  2.5451e-06
 2.4752e+00  0.0000e+00 2  4.3038e-06  2.4172e+00 -3.2230e-06  2.8522e-06
 2.4272e+00  0.0000e+00 2  3.3778e-06  2.1593e+00 -1.8751e-06  2.8096e-06
 2.3810e+00  0.0000e+00 2  2.6733e-06  1.8882e+00 -8.3425e-07  2.5398e-06
 2.3364e+00  0.0000e+00 2  2.1366e-06  1.6059e+00 -7.4985e-08  2.1353e-06
 2.2936e+00  0.0000e+00 2  1.7288e-06  1.3112e+00  4.4377e-07  1.6709e-06
 2.2523e+00  0.0000e+00 2  1.4194e-06  1.0063e+00  7.5938e-07  1.1992e-06
 2.2124e+00  0.0000e+00 2  1.1841e-06  6.9441e-01  9.0988e-07  7.5773e-07
 2.1739e+00  0.0000e+00 2  1.0042e-06  3.9027e-01  9.2866e-07  3.8202e-07
 2.1368e+00  0.0000e+00 2  8.6267e-07  7.2811e-02  8.6038e-07  6.2756e-08
 2.1008e+00  0.0000e+00 2  7.4891e-07 -2.3236e-01  7.2878e-07 -1.7246e-07
 2.0661e+00  0.0000e+00 2  6.5467e-07 -5.3042e-01  5.6471e-07 -3.3119e-07
 2.0325e+00  0.0000e+00 2  5.7393e-07 -8.2104e-01  3.9111e-07 -4.2003e-07
 2.0000e+00  0.0000e+00 2  5.0276e-07 -1.1048e+00  2.2588e-07 -4.4916e-07
 1.9685e+00  0.0000e+00 2  4.3814e-07 -1.3816e+00  8.2411e-08 -4.3032e-07
 1.9380e+00  0.0000e+00 2  3.7936e-07 -1.6546e+00 -3.1752e-08 -3.7803e-07
 1.9084e+00  0.0000e+00 2  3.2567e-07 -1.9259e+00 -1.1323e-07 -3.0535e-07
 1.8797e+00  0.0000e+00 2  2.7670e-07 -2.1977e+00 -1.6232e-07 -2.2408e-07
 1.8519e+00  0.0000e+00 2  2.3230e-07 -2.4726e+00 -1.8223e-07 -1.4407e-07
 1.8248e+00  0.0000e+00 2  1.9224e-07 -2.7516e+00 -1.7781e-07 -7.3092e-08
 1.7986e+00  0.0000e+00 2  1.5681e-07 -3.0400e+00 -1.5600e-07 -1.5904e-08
 1.7730e+00  0.0000e+00 2  1.2598e-07  2.9407e+00 -1.2344e-07  2.5140e-08
 1.7483e+00  0.0000e+00 2  9.9725e-08  2.6180e+00 -8.6363e-08  4.9864e-08
 1.7241e+00  0.0000e+00 2  7.8003e-08  2.2671e+00 -5.0032e-08  5.9844e-08
 1.7007e+00  0.0000e+00 2  6.0623e-08  1.8821e+00 -1.8570e-08  5.7708e-08
 1.6779e+00  0.0000e+00 2  4.7570e-08  1.4530e+00  5.5921e-09  4.7240e-08
 1.6556e+00  0.0000e+00 2  3.8557e-08  9.8189e-01  2.1417e-08  3.2062e-08
 1.6340e+00  0.0000e+00 2  3.2967e-08  4.8914e-01  2.9101e-08  1.5490e-08
 1.6129e+00  0.0000e+00 2  2.9797e-08  7.2456e-03  2.9796e-08  2.1589e-10
 1.5924e+00  0.0000e+00 2  2.7829e-08 -4.3801e-01  2.5201e-08 -1.1803e-08
 1.5723e+00  0.0000e+00 2  2.6294e-08 -8.4339e-01  1.7484e-08 -1.9639e-08
 1.5528e+00  0.0000e+00 2  2.4687e-08 -1.2147e+00  8.6058e-09 -2.3139e-08
 1.5337e+00  0.0000e+00 2  2.2800e-08 -1.5612e+00  2.1823e-10 -2.2799e-08
 1.5152e+00  0.0000e+00 2  2.0605e-08 -1.8914e+00 -6.4944e-09 -1.9555e-08
 1.4970e+00  0.0000e+00 2  1.8133e-08 -2.2108e+00 -1.0828e-08 -1.4545e-08
 1.4793e+00  0.0000e+00 2  1.5543e-08 -2.5266e+00 -1.2696e-08 -8.9673e-09
 1.4620e+00  0.0000e+00 2  1.2950e-08 -2.8448e+00 -1.2384e-08 -3.7878e-09
 1.4451e+00  0.0000e+00 2  1.0460e-08  3.1117e+00 -1.0455e-08  3.1290e-10
 1.4286e+00  0.0000e+00 2  8.1648e-09  2.7677e+00 -7.6008e-09  2.9818e-09
 1.4124e+00  0.0000e+00 2  6.1278e-09  2.3971e+00 -4.5065e-09  4.1522e-09
 1.3966e+00  0.0000e+00 2  4.4289e-09  1.9753e+00 -1.7429e-09  4.0716e-09
 1.3812e+00  0.0000e+00 2  3.1290e-09  1.4669e+00  3.2441e-10  3.1121e-09
 1.3661e+00  0.0000e+00 2  2.2940e-09  8.3668e-01  1.5369e-09  1.7032e-09
 1.3514e+00  0.0000e+00 2  1.9388e-09  1.2631e-01  1.9234e-09  2.4424e-10
 1.3369e+00  0.0000e+00 2  1.8988e-09 -5.2349e-01  1.6445e-09 -9.4923e-10
 1.3228e+00  0.0000e+00 2  1.9578e-09 -1.0555e+00  9.6484e-10 -1.7036e-09
 1.3089e+00  0.0000e+00 2  1.9799e-09 -1.4983e+00  1.4336e-10 -1.9747e-09
 1.2953e+00  0.0000e+00 2  1.9214e-09 -1.8889e+00 -6.0098e-10 -1.8250e-09
 1.2821e+00  0.0000e+00 2  1.7835e-09 -2.2511e+00 -1.1218e-09 -1.3865e-09
 1.2690e+00  0.0000e+00 2  1.5794e-09 -2.5973e+00 -1.3512e-09 -8.1776e-10
 1.2563e+00  0.0000e+00 2  1.3382e-09 -2.9387e+00 -1.3108e-09 -2.6961e-10
 1.2438e+00  0.0000e+00 2  1.0822e-09  2.9996e+00 -1.0713e-09  1.5315e-10
 5.0000e+01  0.0000e+00 3  0.0000e+00  0.0000e+00  0.0000e+00  0.0000e+00
 3.5714e+01  0.0000e+00 3  0.0000e+00  0.0000e+00  0.0000e+00  0.0000e+00
 2.7778e+01  0.0000e+00 3  0.0000e+00  0.0000e+00  0.0000e+00  0.0000e+00
 2.2727e+01  0.0000e+00 3  0.0000e+00  0.0000e+00  0.0000e+00  0.0000e+00
 1.9231e+01  0.0000e+00 3  0.0000e+00  0.0000e+00  0.0000e+00  0.0000e+00
 1.6667e+01  0.0000e+00 3  1.3204e-02 -3.4225e-03  1.3204e-02 -4.5191e-05
 1.4706e+01  0.0000e+00 3  1.0426e-02 -4.8176e-03  1.0426e-02 -5.0227e-05
 1.3158e+01  0.0000e+00 3  7.9679e-03 -6.9502e-03  7.9677e-03 -5.5378e-05
 1.1905e+01  0.0000e+00 3  5.9162e-03 -1.0282e-02  5.9159e-03 -6.0827e-05
 1.0870e+01  0.0000e+00 3  4.2741e-03 -1.5701e-02  4.2735e-03 -6.7104e-05
 1.0000e+01  0.0000e+00 3  3.0021e-03 -2.3178e-02  3.0013e-03 -6.9578e-05
 9.2593e+00  0.0000e+00 3  2.0527e-03 -3.7072e-02  2.0513e-03 -7.6081e-05
 8.6207e+00  0.0000e+00 3  1.3632e-03 -6.0064e-02  1.3607e-03 -8.1829e-05
 8.0645e+00  0.0000e+00 3  8.8087e-04 -9.9175e-02  8.7654e-04 -8.7217e-05
 7.5758e+00  0.0000e+00 3  5.5674e-04 -1.6633e-01  5.4905e-04 -9.2175e-05
 7.1429e+00  0.0000e+00 3  3.4905e-04 -2.8048e-01  3.3541e-04 -9.6624e-05
 6.7568e+00  0.0000e+00 3  2.2564e-04 -4.6042e-01  2.0214e-04 -1.0026e-04
 6.4103e+00  0.0000e+00 3  1.5857e-04 -7.0779e-01  1.2048e-04 -1.0309e-04
 6.0976e+00  0.0000e+00 3  1.2709e-04 -9.7624e-01  7.1186e-05 -1.0528e-04
 5.8140e+00  0.0000e+00 3  1.1466e-04 -1.2038e+00  4.1137e-05 -1.0703e-04
 5.5556e+00  0.0000e+00 3  1.1072e-04 -1.3723e+00  2.1837e-05 -1.0854e-04
 5.3191e+00  0.0000e+00 3  1.1029e-04 -1.4975e+00  8.0744e-06 -1.0999e-04
 5.1020e+00  0.0000e+00 3  1.1153e-04 -1.6016e+00 -3.4400e-06 -1.1147e-04
 4.9020e+00  0.0000e+00 3  1.1399e-04 -1.6993e+00 -1.4606e-05 -1.1305e-04
 4.7170e+00  0.0000e+00 3  1.1779e-04 -1.7995e+00 -2.6703e-05 -1.1472e-04
 4.5455e+00  0.0000e+00 3  1.2341e-04 -1.9076e+00 -4.0789e-05 -1.1648e-04
 4.3860e+00  0.0000e+00 3  1.3176e-04 -2.0278e+00 -5.8136e-05 -1.1824e-04
 4.2373e+00  0.0000e+00 3  1.4435e-04 -2.1622e+00 -8.0479e-05 -1.1983e-04
 4.0984e+00  0.0000e+00 3  1.6400e-04 -2.3144e+00 -1.1102e-04 -1.2072e-04
 3.9683e+00  0.0000e+00 3  1.9665e-04 -2.4910e+00 -1.5648e-04 -1.1910e-04
 3.8462e+00  0.0000e+00 3  2.5698e-04 -2.7099e+00 -2.3340e-04 -1.0752e-04
 3.7313e+00  0.0000e+00 3  3.9443e-04 -3.0484e+00 -3.9271e-04 -3.6710e-05
 3.6232e+00  0.0000e+00 3  7.2319e-04  2.4003e+00 -5.3342e-04  4.8832e-04
 3.5211e+00  0.0000e+00 3  5.4299e-04  1.0375e+00  2.7605e-04  4.6758e-04
 3.4247e+00  0.0000e+00 3  2.6835e-04  4.5271e-01  2.4132e-04  1.1738e-04
 3.3333e+00  0.0000e+00 3  1.6504e-04  1.4720e-01  1.6326e-04  2.4206e-05
 3.2468e+00  0.0000e+00 3  1.1553e-04 -8.8363e-02  1.1507e-04 -1.0195e-05
 3.1646e+00  0.0000e+00 3  8.6806e-05 -3.0348e-01  8.2839e-05 -2.5942e-05
 3.0864e+00  0.0000e+00 3  6.8310e-05 -5.1108e-01  5.9581e-05 -3.3412e-05
 3.0120e+00  0.0000e+00 3  5.5543e-05 -7.1671e-01  4.1878e-05 -3.6487e-05
 2.9412e+00  0.0000e+00 3  4.6292e-05 -9.2325e-01  2.7925e-05 -3.6921e-05
 2.8736e+00  0.0000e+00 3  3.9348e-05 -1.1312e+00  1.6745e-05 -3.5608e-05
 2.8090e+00  0.0000e+00 3  3.3995e-05 -1.3433e+00  7.6679e-06 -3.3119e-05
 2.7473e+00  0.0000e+00 3  2.9800e-05 -1.5603e+00  3.1203e-07 -2.9798e-05
 2.6882e+00  0.0000e+00 3  2.6484e-05 -1.7832e+00 -5.5826e-06 -2.5889e-05
 2.6316e+00  0.0000e+00 3  2.3864e-05 -2.0126e+00 -1.0203e-05 -2.1573e-05
 2.5773e+00  0.0000e+00 3  2.1809e-05 -2.2486e+00 -1.3676e-05 -1.6988e-05
 2.5253e+00  0.0000e+00 3  2.0265e-05 -2.4927e+00 -1.6147e-05 -1.2246e-05
 2.4752e+00  0.0000e+00 3  1.9212e-05 -2.7456e+00 -1.7725e-05 -7.4113e-06
 2.4272e+00  0.0000e+00 3  1.8683e-05 -3.0075e+00 -1.8515e-05 -2.4986e-06
 2.3810e+00  0.0000e+00 3  1.8792e-05  3.0047e+00 -1.8616e-05  2.5648e-06
 2.3364e+00  0.0000e+00 3  1.9822e-05  2.7237e+00 -1.8116e-05  8.0444e-06
 2.2936e+00  0.0000e+00 3  2.2536e-05  2.4328e+00 -1.7108e-05  1.4669e-05
 2.2523e+00  0.0000e+00 3  2.9342e-05  2.1314e+00 -1.5601e-05  2.4851e-05
 2.2124e+00  0.0000e+00 3  5.3630e-05  1.8119e+00 -1.2804e-05  5.2079e-05
 2.1739e+00  0.0000e+00 3  3.8663e-04 -1.3358e+00  9.0034e-05 -3.7600e-04
 2.1368e+00  0.0000e+00 3  3.2709e-05 -1.8792e+00 -9.9276e-06 -3.1166e-05
 2.1008e+00  0.0000e+00 3  1.4903e-05 -2.2021e+00 -8.7958e-06 -1.2031e-05
 2.0661e+00  0.0000e+00 3  8.8463e-06 -2.5182e+00 -7.1825e-06 -5.1641e-06
 2.0325e+00  0.0000e+00 3  5.8880e-06 -2.8323e+00 -5.6086e-06 -1.7924e-06
 2.0000e+00  0.0000e+00 3  4.1779e-06  3.1383e+00 -4.1779e-06  1.3900e-08
 1.9685e+00  0.0000e+00 3  3.0864e-06  2.8302e+00 -2.9380e-06  9.4556e-07
 1.9380e+00  0.0000e+00 3  2.3395e-06  2.5222e+00 -1.9049e-06  1.3581e-06
 1.9084e+00  0.0000e+00 3  1.8047e-06  2.2139e+00 -1.0822e-06  1.4442e-06
 1.8797e+00  0.0000e+00 3  1.4089e-06  1.9045e+00 -4.6147e-07  1.3312e-06
 1.8519e+00  0.0000e+00 3  1.1086e-06  1.5932e+00 -2.4855e-08  1.1083e-06
 1.8248e+00  0.0000e+00 3  8.7571e-07  1.2819e+00  2.4945e-07  8.3943e-07
 1.7986e+00  0.0000e+00 3  6.9320e-07  9.6672e-01  3.9374e-07  5.7052e-07
 1.7730e+00  0.0000e+00 3  5.4886e-07  6.4632e-01  4.3816e-07  3.3055e-07
 1.7483e+00  0.0000e+00 3  4.3404e-07  3.1922e-01  4.1211e-07  1.3621e-07
 1.7241e+00  0.0000e+00 3  3.4246e-07 -1.6424e-02  3.4242e-07 -5.6244e-09
 1.7007e+00  0.0000e+00 3  2.6908e-07 -3.5983e-01  2.5185e-07 -9.4745e-08
 1.6779e+00  0.0000e+00 3  2.1078e-07 -7.1657e-01  1.5894e-07 -1.3844e-07
 1.6556e+00  0.0000e+00 3  1.6481e-07 -1.0898e+00  7.6248e-08 -1.4611e-07
 1.6340e+00  0.0000e+00 3  1.2902e-07 -1.4828e+00  1.1332e-08 -1.2852e-07
 1.6129e+00  0.0000e+00 3  1.0164e-07 -1.8981e+00 -3.2674e-08 -9.6240e-08
 1.5924e+00  0.0000e+00 3  8.0962e-08 -2.3322e+00 -5.5857e-08 -5.8608e-08
 1.5723e+00  0.0000e+00 3  6.5874e-08 -2.7845e+00 -6.1719e-08 -2.3027e-08
 1.5528e+00  0.0000e+00 3  5.5078e-08  3.0372e+00 -5.4778e-08  5.7366e-09
 1.5337e+00  0.0000e+00 3  4.7340e-08  2.5787e+00 -4.0036e-08  2.5262e-08
 1.5152e+00  0.0000e+00 3  4.1574e-08  2.1336e+00 -2.2183e-08  3.5161e-08
 1.4970e+00  0.0000e+00 3  3.6823e-08  1.7101e+00 -5.1115e-09  3.6466e-08
 1.4793e+00  0.0000e+00 3  3.2674e-08  1.3062e+00  8.5462e-09  3.1537e-08
 1.4620e+00  0.0000e+00 3  2.8812e-08  9.1963e-01  1.7463e-08  2.2916e-08
 1.4451e+00  0.0000e+00 3  2.5093e-08  5.4657e-01  2.1437e-08  1.3042e-08
 1.4286e+00  0.0000e+00 3  2.1487e-08  1.8249e-01  2.1130e-08  3.8994e-09
 1.4124e+00  0.0000e+00 3  1.7980e-08 -1.7481e-01  1.7706e-08 -3.1272e-09
 1.3966e+00  0.0000e+00 3  1.4688e-08 -5.3276e-01  1.2653e-08 -7.4604e-09
 1.3812e+00  0.0000e+00 3  1.1672e-08 -8.9762e-01  7.2769e-09 -9.1254e-09
 1.3661e+00  0.0000e+00 3  8.9862e-09 -1.2782e+00  2.5922e-09 -8.6042e-09
 1.3514e+00  0.0000e+00 3  6.6818e-09 -1.6881e+00 -7.8196e-10 -6.6359e-09
 1.3369e+00  0.0000e+00 3  4.7898e-09 -2.1450e+00 -2.6018e-09 -4.0215e-09
 1.3228e+00  0.0000e+00 3  3.3746e-09 -2.6877e+00 -3.0329e-09 -1.4798e-09
 1.3089e+00  0.0000e+00 3  2.4873e-09  2.9372e+00 -2.4356e-09  5.0492e-10
 1.2953e+00  0.0000e+00 3  2.1145e-09  2.2134e+00 -1.2672e-09  1.6928e-09
 1.2821e+00  0.0000e+00 3  2.0710e-09  1.5556e+00  3.1395e-11  2.0708e-09
 1.2690e+00  0.0000e+00 3  2.1045e-09  1.0153e+00  1.1099e-09  1.7881e-09
 1.2563e+00  0.0000e+00 3  2.0949e-09  5.6059e-01  1.7742e-09  1.1138e-09
 1.2438e+00  0.0000e+00 3  2.0014e-09  1.5764e-01  1.9766e-09  3.1420e-10
 5.0000e+01  0.0000e+00 4  0.0000e+00  0.0000e+00  0.0000e+00  0.0000e+00
 3.5714e+01  0.0000e+00 4  0.0000e+00  0.0000e+00  0.0000e+00  0.0000e+00
 2.7778e+01  0.0000e+00 4  0.0000e+00  0.0000e+00  0.0000e+00  0.0000e+00
 2.2727e+01  0.0000e+00 4  0.0000e+00  0.0000e+00  0.0000e+00  0.0000e+00
 1.9231e+01  0.0000e+00 4  0.0000e+00  0.0000e+00  0.0000e+00  0.0000e+00
 1.6667e+01  0.0000e+00 4  8.9616e-08  3.0875e+00 -8.9485e-08  4.8421e-09
 1.4706e+01  0.0000e+00 4  1.5226e-07  3.1147e+00 -1.5221e-07  4.0886e-09
 1.3158e+01  0.0000e+00 4  2.4194e-07  3.1318e+00 -2.4193e-07  2.3754e-09
 1.1905e+01  0.0000e+00 4  3.7372e-07 -3.1406e+00 -3.7372e-07 -3.8108e-10
 1.0870e+01  0.0000e+00 4  6.4091e-07  3.1079e+00 -6.4055e-07  2.1598e-08
 1.0000e+01  0.0000e+00 4  4.0864e-07  3.0091e+00 -4.0506e-07  5.3978e-08
 9.2593e+00  0.0000e+00 4  7.3370e-07 -3.0804e+00 -7.3233e-07 -4.4883e-08
 8.6207e+00  0.0000e+00 4  9.9202e-07 -3.0263e+00 -9.8543e-07 -1.1417e-07
 8.0645e+00  0.0000e+00 4  1.2562e-06 -2.9764e+00 -1.2391e-06 -2.0661e-07
 7.5758e+00  0.0000e+00 4  1.5280e-06 -2.9354e+00 -1.4956e-06 -3.1278e-07
 7.1429e+00  0.0000e+00 4  1.8040e-06 -2.9054e+00 -1.7539e-06 -4.2220e-07
 6.7568e+00  0.0000e+00 4  2.0789e-06 -2.8827e+00 -2.0096e-06 -5.3221e-07
 6.4103e+00  0.0000e+00 4  2.3507e-06 -2.8705e+00 -2.2648e-06 -6.2954e-07
 6.0976e+00  0.0000e+00 4  2.6227e-06 -2.8710e+00 -2.5272e-06 -7.0113e-07
 5.8140e+00  0.0000e+00 4  2.9034e-06 -2.8856e+00 -2.8088e-06 -7.3516e-07
 5.5556e+00  0.0000e+00 4  3.2068e-06 -2.9150e+00 -3.1248e-06 -7.2055e-07
 5.3191e+00  0.0000e+00 4  3.5537e-06 -2.9595e+00 -3.4950e-06 -6.4343e-07
 5.1020e+00  0.0000e+00 4  3.9715e-06 -3.0185e+00 -3.9415e-06 -4.8750e-07
 4.9020e+00  0.0000e+00 4  4.5000e-06 -3.0914e+00 -4.4944e-06 -2.2561e-07
 4.7170e+00  0.0000e+00 4  5.2003e-06  3.1054e+00 -5.1969e-06  1.8794e-07
 4.5455e+00  0.0000e+00 4  6.1723e-06  3.0061e+00 -6.1157e-06  8.3402e-07
 4.3860e+00  0.0000e+00 4  7.6060e-06  2.8922e+00 -7.3707e-06  1.8773e-06
 4.2373e+00  0.0000e+00 4  9.8550e-06  2.7636e+00 -9.1594e-06  3.6367e-06
 4.0984e+00  0.0000e+00 4  1.3712e-05  2.6175e+00 -1.1871e-05  6.8618e-06
 3.9683e+00  0.0000e+00 4  2.1245e-05  2.4467e+00 -1.6319e-05  1.3603e-05
 3.8462e+00  0.0000e+00 4  3.9387e-05  2.2323e+00 -2.4195e-05  3.1079e-05
 3.7313e+00  0.0000e+00 4  1.0849e-04  1.8801e+00 -3.3028e-05  1.0334e-04
 3.6232e+00  0.0000e+00 4  1.4701e-03  5.2787e-01  1.2700e-03  7.4048e-04
 3.5211e+00  0.0000e+00 4  2.6201e-04  2.9866e+00 -2.5887e-04  4.0455e-05
 3.4247e+00  0.0000e+00 4  5.0238e-05  2.3418e+00 -3.5010e-05  3.6030e-05
 3.3333e+00  0.0000e+00 4  1.8838e-05  2.0327e+00 -8.3955e-06  1.6864e-05
 3.2468e+00  0.0000e+00 4  9.3922e-06  1.8043e+00 -2.1730e-06  9.1373e-06
 3.1646e+00  0.0000e+00 4  5.3831e-06  1.5977e+00 -1.4478e-07  5.3812e-06
 3.0864e+00  0.0000e+00 4  3.3664e-06  1.3995e+00  5.7379e-07  3.3172e-06
 3.0120e+00  0.0000e+00 4  2.2331e-06  1.2039e+00  8.0099e-07  2.0845e-06
 2.9412e+00  0.0000e+00 4  1.5447e-06  1.0079e+00  8.2433e-07  1.3064e-06
 2.8736e+00  0.0000e+00 4  1.1040e-06  8.1208e-01  7.5955e-07  8.0121e-07
 2.8090e+00  0.0000e+00 4  8.0697e-07  6.1238e-01  6.6033e-07  4.6386e-07
 2.7473e+00  0.0000e+00 4  6.0011e-07  4.0767e-01  5.5093e-07  2.3793e-07
 2.6882e+00  0.0000e+00 4  4.5230e-07  1.9684e-01  4.4356e-07  8.8456e-08
 2.6316e+00  0.0000e+00 4  3.4452e-07 -2.1297e-02  3.4444e-07 -7.3367e-09
 2.5773e+00  0.0000e+00 4  2.6481e-07 -2.4581e-01  2.5685e-07 -6.4441e-08
 2.5253e+00  0.0000e+00 4  2.0500e-07 -4.8015e-01  1.8182e-07 -9.4690e-08
 2.4752e+00  0.0000e+00 4  1.5976e-07 -7.2564e-01  1.1951e-07 -1.0602e-07
 2.4272e+00  0.0000e+00 4  1.2539e-07 -9.8350e-01  6.9482e-08 -1.0438e-07
 2.3810e+00  0.0000e+00 4  9.9246e-08 -1.2546e+00  3.0863e-08 -9.4325e-08
 2.3364e+00  0.0000e+00 4  7.9327e-08 -1.5367e+00  2.7005e-09 -7.9281e-08
 2.2936e+00  0.0000e+00 4  6.4189e-08 -1.8313e+00 -1.6533e-08 -6.2023e-08
 2.2523e+00  0.0000e+00 4  5.2701e-08 -2.1360e+00 -2.8227e-08 -4.4504e-08
 2.2124e+00  0.0000e+00 4  4.3962e-08 -2.4477e+00 -3.3795e-08 -2.8117e-08
 2.1739e+00  0.0000e+00 4  3.7277e-08 -2.7516e+00 -3.4477e-08 -1.4173e-08
 2.1368e+00  0.0000e+00 4  3.2018e-08 -3.0688e+00 -3.1933e-08 -2.3277e-09
 2.1008e+00  0.0000e+00 4  2.7788e-08  2.9093e+00 -2.7042e-08  6.3966e-09
 2.0661e+00  0.0000e+00 4  2.4284e-08  2.6113e+00 -2.0949e-08  1.2282e-08
 2.0325e+00  0.0000e+00 4  2.1283e-08  2.3207e+00 -1.4506e-08  1.5574e-08
 2.0000e+00  0.0000e+00 4  1.8639e-08  2.0368e+00 -8.3750e-09  1.6651e-08
 1.9685e+00  0.0000e+00 4  1.6239e-08  1.7599e+00 -3.0532e-09  1.5949e-08
 1.9380e+00  0.0000e+00 4  1.4057e-08  1.4867e+00  1.1804e-09  1.4008e-08
 1.9084e+00  0.0000e+00 4  1.2066e-08  1.2152e+00  4.2008e-09  1.1311e-08
 1.8797e+00  0.0000e+00 4  1.0250e-08  9.4308e-01  6.0198e-09  8.2961e-09
 1.8519e+00  0.0000e+00 4  8.6052e-09  6.6786e-01  6.7563e-09  5.3293e-09
 1.8248e+00  0.0000e+00 4  7.1215e-09  3.8852e-01  6.5907e-09  2.6977e-09
 1.7986e+00  0.0000e+00 4  5.8095e-09  9.9703e-02  5.7806e-09  5.7826e-10
 1.7730e+00  0.0000e+00 4  4.6686e-09 -2.0321e-01  4.5725e-09 -9.4218e-10
 1.7483e+00  0.0000e+00 4  3.6975e-09 -5.2630e-01  3.1971e-09 -1.8574e-09
 1.7241e+00  0.0000e+00 4  2.8942e-09 -8.7738e-01  1.8498e-09 -2.2258e-09
 1.7007e+00  0.0000e+00 4  2.2514e-09 -1.2624e+00  6.8348e-10 -2.1452e-09
 1.6779e+00  0.0000e+00 4  1.7686e-09 -1.6909e+00 -2.1197e-10 -1.7558e-09
 1.6556e+00  0.0000e+00 4  1.4346e-09 -2.1608e+00 -7.9812e-10 -1.1921e-09
 1.6340e+00  0.0000e+00 4  1.2265e-09 -2.6519e+00 -1.0824e-09 -5.7693e-10
 1.6129e+00  0.0000e+00 4  1.1076e-09 -3.1324e+00 -1.1075e-09 -1.0127e-11
 1.5924e+00  0.0000e+00 4  1.0330e-09  2.7061e+00 -9.3663e-10  4.3578e-10
 1.5723e+00  0.0000e+00 4  9.7484e-10  2.3007e+00 -6.5005e-10  7.2646e-10
 1.5528e+00  0.0000e+00 4  9.1432e-10  1.9290e+00 -3.2057e-10  8.5629e-10
 1.5337e+00  0.0000e+00 4  8.4377e-10  1.5819e+00 -9.3886e-12  8.4372e-10
 1.5152e+00  0.0000e+00 4  7.6215e-10  1.2510e+00  2.3960e-10  7.2351e-10
 1.4970e+00  0.0000e+00 4  6.7047e-10  9.3091e-01  4.0034e-10  5.3783e-10
 1.4793e+00  0.0000e+00 4  5.7461e-10  6.1419e-01  4.6959e-10  3.3115e-10
 1.4620e+00  0.0000e+00 4  4.7874e-10  2.9515e-01  4.5804e-10  1.3926e-10
 1.4451e+00  0.0000e+00 4  3.8677e-10 -3.2615e-02  3.8657e-10 -1.2612e-11
 1.4286e+00  0.0000e+00 4  3.0207e-10 -3.7768e-01  2.8078e-10 -1.1139e-10
 1.4124e+00  0.0000e+00 4  2.2695e-10 -7.4953e-01  1.6613e-10 -1.5462e-10
 1.3966e+00  0.0000e+00 4  1.6436e-10 -1.1724e+00  6.3760e-11 -1.5148e-10
 1.3812e+00  0.0000e+00 4  1.1650e-10 -1.6808e+00 -1.2785e-11 -1.1579e-10
 1.3661e+00  0.0000e+00 4  8.5729e-11 -2.3080e+00 -5.7632e-11 -6.3467e-11
 1.3514e+00  0.0000e+00 4  7.2465e-11 -3.0127e+00 -7.1864e-11 -9.3151e-12
 1.3369e+00  0.0000e+00 4  7.0697e-11  2.6241e+00 -6.1440e-11  3.4974e-11
 1.3228e+00  0.0000e+00 4  7.2618e-11  2.0922e+00 -3.6171e-11  6.2968e-11
 1.3089e+00  0.0000e+00 4  7.3255e-11  1.6482e+00 -5.6610e-12  7.3036e-11
 1.2953e+00  0.0000e+00 4  7.0991e-11  1.2561e+00  2.1976e-11  6.7504e-11
 1.2821e+00  0.0000e+00 4  6.5837e-11  8.9241e-01  4.1316e-11  5.1260e-11
 1.2690e+00  0.0000e+00 4  5.8275e-11  5.4467e-01  4.9842e-11  3.0194e-11
 1.2563e+00  0.0000e+00 4  4.9369e-11  2.0173e-01  4.8368e-11  9.8917e-12
 1.2438e+00  0.0000e+00 4  3.9927e-11 -1.4479e-01  3.9509e-11 -5.7609e-12
 5.0000e+01  0.0000e+00 5  0.0000e+00  0.0000e+00  0.0000e+00  0.0000e+00
 3.5714e+01  0.0000e+00 5  0.0000e+00  0.0000e+00  0.0000e+00  0.0000e+00
 2.7778e+01  0.0000e+00 5  0.0000e+00  0.0000e+00  0.0000e+00  0.0000e+00
 2.2727e+01  0.0000e+00 5  0.0000e+00  0.0000e+00  0.0000e+00  0.0000e+00
 1.9231e+01  0.0000e+00 5  0.0000e+00  0.0000e+00  0.0000e+00  0.0000e+00
 1.6667e+01  0.0000e+00 5  3.0428e-04  1.7652e+00 -5.8773e-05  2.9855e-04
 1.4706e+01  0.0000e+00 5  4.7383e-04  1.6856e+00 -5.4277e-05  4.7071e-04
 1.3158e+01  0.0000e+00 5  6.6969e-04  1.6469e+00 -5.0917e-05  6.6775e-04
 1.1905e+01  0.0000e+00 5  8.9441e-04  1.6284e+00 -5.1525e-05  8.9293e-04
 1.0870e+01  0.0000e+00 5  1.1627e-03  1.6193e+00 -5.6382e-05  1.1613e-03
 1.0000e+01  0.0000e+00 5  1.3430e-03  1.6293e+00 -7.8581e-05  1.3407e-03
 9.2593e+00  0.0000e+00 5  1.6377e-03  1.6639e+00 -1.5228e-04  1.6306e-03
 8.6207e+00  0.0000e+00 5  1.9046e-03  1.7029e+00 -2.5091e-04  1.8880e-03
 8.0645e+00  0.0000e+00 5  2.1430e-03  1.7469e+00 -3.7550e-04  2.1099e-03
 7.5758e+00  0.0000e+00 5  2.3411e-03  1.7848e+00 -4.9719e-04  2.2877e-03
 7.1429e+00  0.0000e+00 5  2.4937e-03  1.8131e+00 -5.9831e-04  2.4209e-03
 6.7568e+00  0.0000e+00 5  2.5965e-03  1.8346e+00 -6.7708e-04  2.5066e-03
 6.4103e+00  0.0000e+00 5  2.6534e-03  1.8462e+00 -7.2150e-04  2.5534e-03
 6.0976e+00  0.0000e+00 5  2.6725e-03  1.8453e+00 -7.2450e-04  2.5725e-03
 5.8140e+00  0.0000e+00 5  2.6650e-03  1.8305e+00 -6.8439e-04  2.5757e-03
 5.5556e+00  0.0000e+00 5  2.6426e-03  1.8011e+00 -6.0314e-04  2.5728e-03
 5.3191e+00  0.0000e+00 5  2.6162e-03  1.7567e+00 -4.8352e-04  2.5711e-03
 5.1020e+00  0.0000e+00 5  2.5960e-03  1.6980e+00 -3.2929e-04  2.5751e-03
 4.9020e+00  0.0000e+00 5  2.5912e-03  1.6255e+00 -1.4159e-04  2.5874e-03
 4.7170e+00  0.0000e+00 5  2.6112e-03  1.5396e+00  8.1450e-05  2.6099e-03
 4.5455e+00  0.0000e+00 5  2.6671e-03  1.4407e+00  3.4607e-04  2.6445e-03
 4.3860e+00  0.0000e+00 5  2.7755e-03  1.3281e+00  6.6703e-04  2.6941e-03
 4.2373e+00  0.0000e+00 5  2.9623e-03  1.2011e+00  1.0703e-03  2.7622e-03
 4.0984e+00  0.0000e+00 5  3.2759e-03  1.0571e+00  1.6097e-03  2.8532e-03
 3.9683e+00  0.0000e+00 5  3.8180e-03  8.8941e-01  2.4049e-03  2.9655e-03
 3.8462e+00  0.0000e+00 5  4.8420e-03  6.7987e-01  3.7654e-03  3.0441e-03
 3.7313e+00  0.0000e+00 5  7.1969e-03  3.5152e-01  6.7568e-03  2.4780e-03
 3.6232e+00  0.0000e+00 5  1.2754e-02 -4.7348e-01  1.1351e-02 -5.8156e-03
 3.5211e+00  0.0000e+00 5  9.2479e-03 -1.8249e+00 -2.3244e-03 -8.9511e-03
 3.4247e+00  0.0000e+00 5  4.3982e-03 -2.4002e+00 -3.2438e-03 -2.9702e-03
 3.3333e+00  0.0000e+00 5  2.5969e-03 -2.6957e+00 -2.3429e-03 -1.1200e-03
 3.2468e+00  0.0000e+00 5  1.7417e-03 -2.9207e+00 -1.6994e-03 -3.8162e-04
 3.1646e+00  0.0000e+00 5  1.2501e-03 -3.1250e+00 -1.2499e-03 -2.0726e-05
 3.0864e+00  0.0000e+00 5  9.3637e-04  2.9617e+00 -9.2126e-04  1.6754e-04
 3.0120e+00  0.0000e+00 5  7.2181e-04  2.7675e+00 -6.7189e-04  2.6377e-04
 2.9412e+00  0.0000e+00 5  5.6772e-04  2.5727e+00 -4.7830e-04  3.0582e-04
 2.8736e+00  0.0000e+00 5  4.5316e-04  2.3772e+00 -3.2708e-04  3.1365e-04
 2.8090e+00  0.0000e+00 5  3.6538e-04  2.1778e+00 -2.0840e-04  3.0012e-04
 2.7473e+00  0.0000e+00 5  2.9674e-04  1.9734e+00 -1.1627e-04  2.7302e-04
 2.6882e+00  0.0000e+00 5  2.4225e-04  1.7630e+00 -4.6265e-05  2.3780e-04
 2.6316e+00  0.0000e+00 5  1.9851e-04  1.5453e+00  5.0651e-06  1.9845e-04
 2.5773e+00  0.0000e+00 5  1.6310e-04  1.3207e+00  4.0365e-05  1.5802e-04
 2.5253e+00  0.0000e+00 5  1.3430e-04  1.0864e+00  6.2540e-05  1.1885e-04
 2.4752e+00  0.0000e+00 5  1.1087e-04  8.4108e-01  7.3915e-05  8.2642e-05
 2.4272e+00  0.0000e+00 5  9.1850e-05  5.8354e-01  7.6650e-05  5.0608e-05
 2.3810e+00  0.0000e+00 5  7.6480e-05  3.1297e-01  7.2765e-05  2.3547e-05
 2.3364e+00  0.0000e+00 5  6.4099e-05  3.0971e-02  6.4068e-05  1.9849e-06
 2.2936e+00  0.0000e+00 5  5.4246e-05 -2.6318e-01  5.2378e-05 -1.4112e-05
 2.2523e+00  0.0000e+00 5  4.6470e-05 -5.6724e-01  3.9192e-05 -2.4969e-05
 2.2124e+00  0.0000e+00 5  4.0362e-05 -8.7770e-01  2.5788e-05 -3.1049e-05
 2.1739e+00  0.0000e+00 5  3.5570e-05 -1.1908e+00  1.3194e-05 -3.3032e-05
 2.1368e+00  0.0000e+00 5  3.1651e-05 -1.4998e+00  2.2449e-06 -3.1572e-05
 2.1008e+00  0.0000e+00 5  2.8436e-05 -1.8042e+00 -6.5777e-06 -2.7665e-05
 2.0661e+00  0.0000e+00 5  2.5685e-05 -2.1019e+00 -1.3010e-05 -2.2147e-05
 2.0325e+00  0.0000e+00 5  2.3236e-05 -2.3924e+00 -1.7014e-05 -1.5825e-05
 2.0000e+00  0.0000e+00 5  2.0980e-05 -2.6762e+00 -1.8748e-05 -9.4151e-06
 1.9685e+00  0.0000e+00 5  1.8822e-05 -2.9534e+00 -1.8490e-05 -3.5212e-06
 1.9380e+00  0.0000e+00 5  1.6762e-05  3.0562e+00 -1.6701e-05  1.4293e-06
 1.9084e+00  0.0000e+00 5  1.4788e-05  2.7843e+00 -1.3854e-05  5.1717e-06
 1.8797e+00  0.0000e+00 5  1.2902e-05  2.5118e+00 -1.0427e-05  7.5988e-06
 1.8519e+00  0.0000e+00 5  1.1116e-05  2.2362e+00 -6.8629e-06  8.7447e-06
 1.8248e+00  0.0000e+00 5  9.4335e-06  1.9562e+00 -3.5463e-06  8.7416e-06
 1.7986e+00  0.0000e+00 5  7.8870e-06  1.6667e+00 -7.5534e-07  7.8508e-06
 1.7730e+00  0.0000e+00 5  6.4929e-06  1.3632e+00  1.3383e-06  6.3534e-06
 1.7483e+00  0.0000e+00 5  5.2661e-06  1.0396e+00  2.6676e-06  4.5404e-06
 1.7241e+00  0.0000e+00 5  4.2203e-06  6.8829e-01  3.2595e-06  2.6808e-06
 1.7007e+00  0.0000e+00 5  3.3599e-06  3.0331e-01  3.2066e-06  1.0035e-06
 1.6779e+00  0.0000e+00 5  2.7002e-06 -1.2442e-01  2.6793e-06 -3.3509e-07
 1.6556e+00  0.0000e+00 5  2.2386e-06 -5.9230e-01  1.8573e-06 -1.2497e-06
 1.6340e+00  0.0000e+00 5  1.9528e-06 -1.0808e+00  9.1900e-07 -1.7230e-06
 1.6129e+00  0.0000e+00 5  1.7958e-06 -1.5592e+00  2.0864e-08 -1.7957e-06
 1.5924e+00  0.0000e+00 5  1.7039e-06 -2.0030e+00 -7.1367e-07 -1.5473e-06
 1.5723e+00  0.0000e+00 5  1.6352e-06 -2.4084e+00 -1.2150e-06 -1.0944e-06
 1.5528e+00  0.0000e+00 5  1.5596e-06 -2.7807e+00 -1.4591e-06 -5.5079e-07
 1.5337e+00  0.0000e+00 5  1.4636e-06 -3.1286e+00 -1.4635e-06 -1.9040e-08
 1.5152e+00  0.0000e+00 5  1.3444e-06  2.8227e+00 -1.2766e-06  4.2148e-07
 1.4970e+00  0.0000e+00 5  1.2025e-06  2.5014e+00 -9.6440e-07  7.1833e-07
 1.4793e+00  0.0000e+00 5  1.0478e-06  2.1834e+00 -6.0248e-07  8.5726e-07
 1.4620e+00  0.0000e+00 5  8.8750e-07  1.8630e+00 -2.5566e-07  8.4988e-07
 1.4451e+00  0.0000e+00 5  7.2897e-07  1.5338e+00  2.6958e-08  7.2847e-07
 1.4286e+00  0.0000e+00 5  5.7894e-07  1.1872e+00  2.1667e-07  5.3687e-07
 1.4124e+00  0.0000e+00 5  4.4247e-07  8.1356e-01  3.0394e-07  3.2156e-07
 1.3966e+00  0.0000e+00 5  3.2629e-07  3.8917e-01  3.0189e-07  1.2380e-07
 1.3812e+00  0.0000e+00 5  2.3588e-07 -1.1915e-01  2.3421e-07 -2.8038e-08
 1.3661e+00  0.0000e+00 5  1.7709e-07 -7.4212e-01  1.3052e-07 -1.1968e-07
 1.3514e+00  0.0000e+00 5  1.5191e-07 -1.4386e+00  2.0027e-08 -1.5058e-07
 1.3369e+00  0.0000e+00 5  1.4952e-07 -2.0803e+00 -7.2924e-08 -1.3053e-07
 1.3228e+00  0.0000e+00 5  1.5492e-07 -2.6120e+00 -1.3369e-07 -7.8261e-08
 1.3089e+00  0.0000e+00 5  1.5789e-07 -3.0577e+00 -1.5734e-07 -1.3228e-08
 1.2953e+00  0.0000e+00 5  1.5478e-07  2.8313e+00 -1.4739e-07  4.7256e-08
 1.2821e+00  0.0000e+00 5  1.4530e-07  2.4656e+00 -1.1335e-07  9.0909e-08
 1.2690e+00  0.0000e+00 5  1.3022e-07  2.1157e+00 -6.7501e-08  1.1136e-07
 1.2563e+00  0.0000e+00 5  1.1173e-07  1.7706e+00 -2.2173e-08  1.0950e-07
 1.2438e+00  0.0000e+00 5  9.1531e-08  1.4217e+00  1.3596e-08  9.0516e-08
 5.0000e+01  0.0000e+00 6  0.0000e+00  0.0000e+00  0.0000e+00  0.0000e+00
 3.5714e+01  0.0000e+00 6  0.0000e+00  0.0000e+00  0.0000e+00  0.0000e+00
 2.7778e+01  0.0000e+00 6  0.0000e+00  0.0000e+00  0.0000e+00  0.0000e+00
 2.2727e+01  0.0000e+00 6  0.0000e+00  0.0000e+00  0.0000e+00  0.0000e+00
 1.9231e+01  0.0000e+00 6  0.0000e+00  0.0000e+00  0.0000e+00  0.0000e+00
 1.6667e+01  0.0000e+00 6  1.7362e-04 -2.9125e+00 -1.6909e-04 -3.9429e-05
 1.4706e+01  0.0000e+00 6  3.7518e-04 -3.0267e+00 -3.7271e-04 -4.3011e-05
 1.3158e+01  0.0000e+00 6  7.9154e-04 -3.0916e+00 -7.9056e-04 -3.9540e-05
 1.1905e+01  0.0000e+00 6  1.8538e-03  3.1336e+00 -1.8538e-03  1.4868e-05
 1.0870e+01  0.0000e+00 6  7.2755e-03  2.9587e+00 -7.1542e-03  1.3230e-03
 1.0000e+01  0.0000e+00 6  9.6806e-03  3.3253e-01  9.1503e-03  3.1601e-03
 9.2593e+00  0.0000e+00 6  4.0185e-03  1.8772e-01  3.9479e-03  7.4994e-04
 8.6207e+00  0.0000e+00 6  2.8706e-03  1.9038e-01  2.8187e-03  5.4320e-04
 8.0645e+00  0.0000e+00 6  2.3661e-03  2.1877e-01  2.3097e-03  5.1351e-04
 7.5758e+00  0.0000e+00 6  2.0600e-03  2.4798e-01  1.9969e-03  5.0561e-04
 7.1429e+00  0.0000e+00 6  1.8367e-03  2.7068e-01  1.7699e-03  4.9112e-04
 6.7568e+00  0.0000e+00 6  1.6538e-03  2.8823e-01  1.5856e-03  4.7010e-04
 6.4103e+00  0.0000e+00 6  1.4942e-03  2.9688e-01  1.4288e-03  4.3712e-04
 6.0976e+00  0.0000e+00 6  1.3525e-03  2.9379e-01  1.2946e-03  3.9167e-04
 5.8140e+00  0.0000e+00 6  1.2274e-03  2.7719e-01  1.1805e-03  3.3587e-04
 5.5556e+00  0.0000e+00 6  1.1185e-03  2.4624e-01  1.0848e-03  2.7265e-04
 5.3191e+00  0.0000e+00 6  1.0262e-03  2.0069e-01  1.0056e-03  2.0457e-04
 5.1020e+00  0.0000e+00 6  9.4980e-04  1.4101e-01  9.4038e-04  1.3348e-04
 4.9020e+00  0.0000e+00 6  8.8916e-04  6.7611e-02  8.8712e-04  6.0071e-05
 4.7170e+00  0.0000e+00 6  8.4427e-04 -1.9061e-02  8.4412e-04 -1.6091e-05
 4.5455e+00  0.0000e+00 6  8.1586e-04 -1.1875e-01  8.1011e-04 -9.6654e-05
 4.3860e+00  0.0000e+00 6  8.0610e-04 -2.3183e-01  7.8453e-04 -1.8521e-04
 4.2373e+00  0.0000e+00 6  8.1936e-04 -3.5926e-01  7.6705e-04 -2.8807e-04
 4.0984e+00  0.0000e+00 6  8.6526e-04 -5.0374e-01  7.5778e-04 -4.1766e-04
 3.9683e+00  0.0000e+00 6  9.6533e-04 -6.7194e-01  7.5548e-04 -6.0092e-04
 3.8462e+00  0.0000e+00 6  1.1746e-03 -8.8199e-01  7.4656e-04 -9.0676e-04
 3.7313e+00  0.0000e+00 6  1.6777e-03 -1.2104e+00  5.9163e-04 -1.5699e-03
 3.6232e+00  0.0000e+00 6  2.8655e-03 -2.0355e+00 -1.2841e-03 -2.5616e-03
 3.5211e+00  0.0000e+00 6  2.0030e-03  2.8963e+00 -1.9430e-03  4.8650e-04
 3.4247e+00  0.0000e+00 6  9.1991e-04  2.3201e+00 -6.2656e-04  6.7353e-04
 3.3333e+00  0.0000e+00 6  5.2514e-04  2.0241e+00 -2.2999e-04  4.7210e-04
 3.2468e+00  0.0000e+00 6  3.4113e-04  1.7990e+00 -7.7157e-05  3.3229e-04
 3.1646e+00  0.0000e+00 6  2.3737e-04  1.5945e+00 -5.6146e-06  2.3731e-04
 3.0864e+00  0.0000e+00 6  1.7255e-04  1.3978e+00  2.9709e-05  1.6997e-04
 3.0120e+00  0.0000e+00 6  1.2920e-04  1.2033e+00  4.6417e-05  1.2058e-04
 2.9412e+00  0.0000e+00 6  9.8796e-05  1.0083e+00  5.2692e-05  8.3571e-05
 2.8736e+00  0.0000e+00 6  7.6752e-05  8.1260e-01  5.2776e-05  5.5728e-05
 2.8090e+00  0.0000e+00 6  6.0275e-05  6.1307e-01  4.9298e-05  3.4681e-05
 2.7473e+00  0.0000e+00 6  4.7713e-05  4.0856e-01  4.3786e-05  1.8956e-05
 2.6882e+00  0.0000e+00 6  3.7991e-05  1.9793e-01  3.7249e-05  7.4705e-06
 2.6316e+00  0.0000e+00 6  3.0383e-05 -1.9972e-02  3.0377e-05 -6.0676e-07
 2.5773e+00  0.0000e+00 6  2.4381e-05 -2.4460e-01  2.3656e-05 -5.9044e-06
 2.5253e+00  0.0000e+00 6  1.9621e-05 -4.7898e-01  1.7413e-05 -9.0427e-06
 2.4752e+00  0.0000e+00 6  1.5838e-05 -7.2442e-01  1.1861e-05 -1.0496e-05
 2.4272e+00  0.0000e+00 6  1.2836e-05 -9.8212e-01  7.1271e-06 -1.0675e-05
 2.3810e+00  0.0000e+00 6  1.0461e-05 -1.2529e+00  3.2697e-06 -9.9366e-06
 2.3364e+00  0.0000e+00 6  8.5864e-06 -1.5349e+00  3.0806e-07 -8.5808e-06
 2.2936e+00  0.0000e+00 6  7.1196e-06 -1.8291e+00 -1.8187e-06 -6.8834e-06
 2.2523e+00  0.0000e+00 6  5.9782e-06 -2.1333e+00 -3.1881e-06 -5.0572e-06
 2.2124e+00  0.0000e+00 6  5.0915e-06 -2.4439e+00 -3.9017e-06 -3.2712e-06
 2.1739e+00  0.0000e+00 6  4.4016e-06 -2.7571e+00 -4.0803e-06 -1.6509e-06
 2.1368e+00  0.0000e+00 6  3.8439e-06 -3.0662e+00 -3.8330e-06 -2.8965e-07
 2.1008e+00  0.0000e+00 6  3.3905e-06  2.9126e+00 -3.3019e-06  7.6977e-07
 2.0661e+00  0.0000e+00 6  3.0077e-06  2.6148e+00 -2.5999e-06  1.5122e-06
 2.0325e+00  0.0000e+00 6  2.6731e-06  2.3242e+00 -1.8287e-06  1.9497e-06
 2.0000e+00  0.0000e+00 6  2.3718e-06  2.0402e+00 -1.0729e-06  2.1152e-06
 1.9685e+00  0.0000e+00 6  2.0919e-06  1.7630e+00 -3.9963e-07  2.0534e-06
 1.9380e+00  0.0000e+00 6  1.8320e-06  1.4894e+00  1.4893e-07  1.8260e-06
 1.9084e+00  0.0000e+00 6  1.5898e-06  1.2174e+00  5.5017e-07  1.4916e-06
 1.8797e+00  0.0000e+00 6  1.3648e-06  9.4484e-01  7.9959e-07  1.1060e-06
 1.8519e+00  0.0000e+00 6  1.1573e-06  6.6909e-01  9.0775e-07  7.1783e-07
 1.8248e+00  0.0000e+00 6  9.6689e-07  3.8908e-01  8.9463e-07  3.6678e-07
 1.7986e+00  0.0000e+00 6  7.9605e-07  9.9587e-02  7.9211e-07  7.9145e-08
 1.7730e+00  0.0000e+00 6  6.4548e-07 -2.0400e-01  6.3210e-07 -1.3076e-07
 1.7483e+00  0.0000e+00 6  5.1576e-07 -5.2767e-01  4.4561e-07 -2.5970e-07
 1.7241e+00  0.0000e+00 6  4.0729e-07 -8.7911e-01  2.5978e-07 -3.1368e-07
 1.7007e+00  0.0000e+00 6  3.1962e-07 -1.2641e+00  9.6509e-08 -3.0470e-07
 1.6779e+00  0.0000e+00 6  2.5323e-07 -1.6918e+00 -3.0562e-08 -2.5138e-07
 1.6556e+00  0.0000e+00 6  2.0701e-07 -2.1597e+00 -1.1498e-07 -1.7214e-07
 1.6340e+00  0.0000e+00 6  1.7809e-07 -2.6483e+00 -1.5686e-07 -8.4331e-08
 1.6129e+00  0.0000e+00 6  1.6156e-07 -3.1268e+00 -1.6154e-07 -2.3843e-09
 1.5924e+00  0.0000e+00 6  1.5125e-07  2.7126e+00 -1.3754e-07  6.2910e-08
 1.5723e+00  0.0000e+00 6  1.4323e-07  2.3072e+00 -9.6199e-08  1.0612e-07
 1.5528e+00  0.0000e+00 6  1.3484e-07  1.9348e+00 -4.8011e-08  1.2600e-07
 1.5337e+00  0.0000e+00 6  1.2492e-07  1.5868e+00 -2.0034e-09  1.2490e-07
 1.5152e+00  0.0000e+00 6  1.1329e-07  1.2548e+00  3.5203e-08  1.0768e-07
 1.4970e+00  0.0000e+00 6  1.0007e-07  9.3354e-01  5.9541e-08  8.0430e-08
 1.4793e+00  0.0000e+00 6  8.6121e-08  6.1553e-01  7.0315e-08  4.9725e-08
 1.4620e+00  0.0000e+00 6  7.2059e-08  2.9510e-01  6.8944e-08  2.0957e-08
 1.4451e+00  0.0000e+00 6  5.8475e-08 -3.4166e-02  5.8441e-08 -1.9975e-09
 1.4286e+00  0.0000e+00 6  4.5887e-08 -3.8086e-01  4.2599e-08 -1.7057e-08
 1.4124e+00  0.0000e+00 6  3.4661e-08 -7.5448e-01  2.5255e-08 -2.3740e-08
 1.3966e+00  0.0000e+00 6  2.5265e-08 -1.1789e+00  9.6508e-09 -2.3349e-08
 1.3812e+00  0.0000e+00 6  1.8056e-08 -1.6872e+00 -2.0966e-09 -1.7933e-08
 1.3661e+00  0.0000e+00 6  1.3401e-08 -2.3102e+00 -9.0303e-09 -9.9015e-09
 1.3514e+00  0.0000e+00 6  1.1366e-08 -3.0068e+00 -1.1263e-08 -1.5272e-09
 1.3369e+00  0.0000e+00 6  1.1064e-08  2.6347e+00 -9.6731e-09  5.3710e-09
 1.3228e+00  0.0000e+00 6  1.1338e-08  2.1030e+00 -5.7532e-09  9.7700e-09
 1.3089e+00  0.0000e+00 6  1.1431e-08  1.6572e+00 -9.8674e-10  1.1389e-08
 1.2953e+00  0.0000e+00 6  1.1086e-08  1.2630e+00  3.3585e-09  1.0565e-08
 1.2821e+00  0.0000e+00 6  1.0297e-08  8.9721e-01  6.4232e-09  8.0481e-09
 1.2690e+00  0.0000e+00 6  9.1320e-09  5.4733e-01  7.7980e-09  4.7524e-09
 1.2563e+00  0.0000e+00 6  7.7541e-09  2.0220e-01  7.5961e-09  1.5572e-09
 1.2438e+00  0.0000e+00 6  6.2875e-09 -1.4670e-01  6.2199e-09 -9.1908e-10
