 5.0000e+01  0.0000e+00 1  0.0000e+00  0.0000e+00  0.0000e+00  0.0000e+00
 3.5714e+01  0.0000e+00 1  0.0000e+00  0.0000e+00  0.0000e+00  0.0000e+00
 2.7778e+01  0.0000e+00 1  0.0000e+00  0.0000e+00  0.0000e+00  0.0000e+00
 2.2727e+01  0.0000e+00 1  0.0000e+00  0.0000e+00  0.0000e+00  0.0000e+00
 1.9231e+01  0.0000e+00 1  0.0000e+00  0.0000e+00  0.0000e+00  0.0000e+00
 1.6667e+01  0.0000e+00 1  0.0000e+00  0.0000e+00  0.0000e+00  0.0000e+00
 1.4706e+01  0.0000e+00 1  5.1319e+01  3.1302e+00 -5.1316e+01  5.8654e-01
 1.3158e+01  0.0000e+00 1  8.1476e-01 -1.9384e+00 -2.9277e-01 -7.6034e-01
 1.1905e+01  0.0000e+00 1  6.3241e-01 -1.5903e+00 -1.2333e-02 -6.3229e-01
 1.0870e+01  0.0000e+00 1  5.2671e-01 -1.5431e+00  1.4570e-02 -5.2651e-01
 1.0000e+01  0.0000e+00 1  4.4273e-01 -1.5235e+00  2.0953e-02 -4.4224e-01
 9.2593e+00  0.0000e+00 1  3.7369e-01 -1.4983e+00  2.7059e-02 -3.7271e-01
 8.6207e+00  0.0000e+00 1  3.1493e-01 -1.4634e+00  3.3764e-02 -3.1311e-01
 8.0645e+00  0.0000e+00 1  2.6498e-01 -1.4199e+00  3.9839e-02 -2.6196e-01
 7.5758e+00  0.0000e+00 1  2.2110e-01 -1.3721e+00  4.3638e-02 -2.1675e-01
 7.1429e+00  0.0000e+00 1  1.8313e-01 -1.3301e+00  4.3651e-02 -1.7786e-01
 6.7568e+00  0.0000e+00 1  1.5068e-01 -1.2944e+00  4.1127e-02 -1.4496e-01
 6.4103e+00  0.0000e+00 1  1.2282e-01 -1.2630e+00  3.7212e-02 -1.1705e-01
 6.0976e+00  0.0000e+00 1  9.9682e-02 -1.2416e+00  3.2226e-02 -9.4329e-02
 5.8140e+00  0.0000e+00 1  8.0080e-02 -1.2287e+00  2.6864e-02 -7.5440e-02
 5.5556e+00  0.0000e+00 1  6.3774e-02 -1.2254e+00  2.1589e-02 -6.0009e-02
 5.3191e+00  0.0000e+00 1  5.0133e-02 -1.2267e+00  1.6913e-02 -4.7194e-02
 5.1020e+00  0.0000e+00 1  3.8453e-02 -1.2188e+00  1.3258e-02 -3.6096e-02
 4.9020e+00  0.0000e+00 1  2.8943e-02 -1.1408e+00  1.2065e-02 -2.6308e-02
 4.7170e+00  0.0000e+00 1  2.4687e-02 -8.9952e-01  1.5355e-02 -1.9331e-02
 4.5455e+00  0.0000e+00 1  3.0206e-02 -8.6539e-01  1.9584e-02 -2.2997e-02
 4.3860e+00  0.0000e+00 1  2.9912e-02 -1.1513e+00  1.2183e-02 -2.7319e-02
 4.2373e+00  0.0000e+00 1  2.4916e-02 -1.3901e+00  4.4773e-03 -2.4510e-02
 4.0984e+00  0.0000e+00 1  2.0304e-02 -1.5470e+00  4.8268e-04 -2.0298e-02
 3.9683e+00  0.0000e+00 1  1.6696e-02 -1.6856e+00 -1.9130e-03 -1.6586e-02
 3.8462e+00  0.0000e+00 1  1.3893e-02 -1.8147e+00 -3.3552e-03 -1.3482e-02
 3.7313e+00  0.0000e+00 1  1.1673e-02 -1.9424e+00 -4.2392e-03 -1.0876e-02
 3.6232e+00  0.0000e+00 1  9.8725e-03 -2.0745e+00 -4.7651e-03 -8.6464e-03
 3.5211e+00  0.0000e+00 1  8.4147e-03 -2.2059e+00 -4.9919e-03 -6.7740e-03
 3.4247e+00  0.0000e+00 1  7.2037e-03 -2.3433e+00 -5.0278e-03 -5.1589e-03
 3.3333e+00  0.0000e+00 1  6.1953e-03 -2.4837e+00 -4.9023e-03 -3.7880e-03
 3.2468e+00  0.0000e+00 1  5.3478e-03 -2.6272e+00 -4.6557e-03 -2.6312e-03
 5.0000e+01  0.0000e+00 2  0.0000e+00  0.0000e+00  0.0000e+00  0.0000e+00
 3.5714e+01  0.0000e+00 2  0.0000e+00  0.0000e+00  0.0000e+00  0.0000e+00
 2.7778e+01  0.0000e+00 2  0.0000e+00  0.0000e+00  0.0000e+00  0.0000e+00
 2.2727e+01  0.0000e+00 2  0.0000e+00  0.0000e+00  0.0000e+00  0.0000e+00
 1.9231e+01  0.0000e+00 2  0.0000e+00  0.0000e+00  0.0000e+00  0.0000e+00
 1.6667e+01  0.0000e+00 2  0.0000e+00  0.0000e+00  0.0000e+00  0.0000e+00
 1.4706e+01  0.0000e+00 2  0.0000e+00  0.0000e+00  0.0000e+00  0.0000e+00
 1.3158e+01  0.0000e+00 2  0.0000e+00  0.0000e+00  0.0000e+00  0.0000e+00
 1.1905e+01  0.0000e+00 2  0.0000e+00  0.0000e+00  0.0000e+00  0.0000e+00
 1.0870e+01  0.0000e+00 2  0.0000e+00  0.0000e+00  0.0000e+00  0.0000e+00
 1.0000e+01  0.0000e+00 2  0.0000e+00  0.0000e+00  0.0000e+00  0.0000e+00
 9.2593e+00  0.0000e+00 2  0.0000e+00  0.0000e+00  0.0000e+00  0.0000e+00
 8.6207e+00  0.0000e+00 2  0.0000e+00  0.0000e+00  0.0000e+00  0.0000e+00
 8.0645e+00  0.0000e+00 2  0.0000e+00  0.0000e+00  0.0000e+00  0.0000e+00
 7.5758e+00  0.0000e+00 2  0.0000e+00  0.0000e+00  0.0000e+00  0.0000e+00
 7.1429e+00  0.0000e+00 2  0.0000e+00  0.0000e+00  0.0000e+00  0.0000e+00
 6.7568e+00  0.0000e+00 2  0.0000e+00  0.0000e+00  0.0000e+00  0.0000e+00
 6.4103e+00  0.0000e+00 2  0.0000e+00  0.0000e+00  0.0000e+00  0.0000e+00
 6.0976e+00  0.0000e+00 2  0.0000e+00  0.0000e+00  0.0000e+00  0.0000e+00
 5.8140e+00  0.0000e+00 2  0.0000e+00  0.0000e+00  0.0000e+00  0.0000e+00
 5.5556e+00  0.0000e+00 2  0.0000e+00  0.0000e+00  0.0000e+00  0.0000e+00
 5.3191e+00  0.0000e+00 2  0.0000e+00  0.0000e+00  0.0000e+00  0.0000e+00
 5.1020e+00  0.0000e+00 2  0.0000e+00  0.0000e+00  0.0000e+00  0.0000e+00
 4.9020e+00  0.0000e+00 2  0.0000e+00  0.0000e+00  0.0000e+00  0.0000e+00
 4.7170e+00  0.0000e+00 2  0.0000e+00  0.0000e+00  0.0000e+00  0.0000e+00
 4.5455e+00  0.0000e+00 2  0.0000e+00  0.0000e+00  0.0000e+00  0.0000e+00
 4.3860e+00  0.0000e+00 2  0.0000e+00  0.0000e+00  0.0000e+00  0.0000e+00
 4.2373e+00  0.0000e+00 2  0.0000e+00  0.0000e+00  0.0000e+00  0.0000e+00
 4.0984e+00  0.0000e+00 2  0.0000e+00  0.0000e+00  0.0000e+00  0.0000e+00
 3.9683e+00  0.0000e+00 2  0.0000e+00  0.0000e+00  0.0000e+00  0.0000e+00
 3.8462e+00  0.0000e+00 2  0.0000e+00  0.0000e+00  0.0000e+00  0.0000e+00
 3.7313e+00  0.0000e+00 2  0.0000e+00  0.0000e+00  0.0000e+00  0.0000e+00
 3.6232e+00  0.0000e+00 2  0.0000e+00  0.0000e+00  0.0000e+00  0.0000e+00
 3.5211e+00  0.0000e+00 2  0.0000e+00  0.0000e+00  0.0000e+00  0.0000e+00
 3.4247e+00  0.0000e+00 2  0.0000e+00  0.0000e+00  0.0000e+00  0.0000e+00
 3.3333e+00  0.0000e+00 2  0.0000e+00  0.0000e+00  0.0000e+00  0.0000e+00
 3.2468e+00  0.0000e+00 2  0.0000e+00  0.0000e+00  0.0000e+00  0.0000e+00
 5.0000e+01  0.0000e+00 3  0.0000e+00  0.0000e+00  0.0000e+00  0.0000e+00
 3.5714e+01  0.0000e+00 3  0.0000e+00  0.0000e+00  0.0000e+00  0.0000e+00
 2.7778e+01  0.0000e+00 3  0.0000e+00  0.0000e+00  0.0000e+00  0.0000e+00
 2.2727e+01  0.0000e+00 3  0.0000e+00  0.0000e+00  0.0000e+00  0.0000e+00
 1.9231e+01  0.0000e+00 3  0.0000e+00  0.0000e+00  0.0000e+00  0.0000e+00
 1.6667e+01  0.0000e+00 3  0.0000e+00  0.0000e+00  0.0000e+00  0.0000e+00
 1.4706e+01  0.0000e+00 3  6.7339e-01 -1.2323e-01  6.6828e-01 -8.2772e-02
 1.3158e+01  0.0000e+00 3  2.8023e-04 -3.6844e-01  2.6142e-04 -1.0092e-04
 1.1905e+01  0.0000e+00 3  5.7734e-05 -1.2825e+00  1.6413e-05 -5.5352e-05
 1.0870e+01  0.0000e+00 3  4.4922e-05 -1.7691e+00 -8.8481e-06 -4.4042e-05
 1.0000e+01  0.0000e+00 3  3.7559e-05 -1.9017e+00 -1.2204e-05 -3.5521e-05
 9.2593e+00  0.0000e+00 3  2.9518e-05 -2.0066e+00 -1.2461e-05 -2.6759e-05
 8.6207e+00  0.0000e+00 3  2.1358e-05 -2.1724e+00 -1.2088e-05 -1.7608e-05
 8.0645e+00  0.0000e+00 3  1.4534e-05 -2.5346e+00 -1.1938e-05 -8.2902e-06
 7.5758e+00  0.0000e+00 3  1.2256e-05  3.0770e+00 -1.2230e-05  7.9152e-07
 7.1429e+00  0.0000e+00 3  1.5898e-05  2.5136e+00 -1.2864e-05  9.3405e-06
 6.7568e+00  0.0000e+00 3  2.1939e-05  2.2445e+00 -1.3686e-05  1.7146e-05
 6.4103e+00  0.0000e+00 3  2.8248e-05  2.1116e+00 -1.4542e-05  2.4217e-05
 6.0976e+00  0.0000e+00 3  3.4176e-05  2.0294e+00 -1.5128e-05  3.0645e-05
 5.8140e+00  0.0000e+00 3  3.9923e-05  1.9610e+00 -1.5188e-05  3.6922e-05
 5.5556e+00  0.0000e+00 3  4.5929e-05  1.8874e+00 -1.4297e-05  4.3647e-05
 5.3191e+00  0.0000e+00 3  5.3170e-05  1.7910e+00 -1.1613e-05  5.1886e-05
 5.1020e+00  0.0000e+00 3  6.3083e-05  1.6590e+00 -5.5595e-06  6.2838e-05
 4.9020e+00  0.0000e+00 3  7.9351e-05  1.4220e+00  1.1767e-05  7.8474e-05
 4.7170e+00  0.0000e+00 3  1.0242e-04  9.9074e-01  5.6134e-05  8.5669e-05
 4.5455e+00  0.0000e+00 3  1.0821e-04  2.3118e-01  1.0534e-04  2.4795e-05
 4.3860e+00  0.0000e+00 3  7.3549e-05 -4.5019e-01  6.6221e-05 -3.2004e-05
 4.2373e+00  0.0000e+00 3  4.3037e-05 -8.8431e-01  2.7278e-05 -3.3288e-05
 4.0984e+00  0.0000e+00 3  2.7227e-05 -1.1120e+00  1.2058e-05 -2.4412e-05
 3.9683e+00  0.0000e+00 3  1.8014e-05 -1.2978e+00  4.8576e-06 -1.7347e-05
 3.8462e+00  0.0000e+00 3  1.2463e-05 -1.4494e+00  1.5095e-06 -1.2371e-05
 3.7313e+00  0.0000e+00 3  8.8562e-06 -1.5852e+00 -1.2789e-07 -8.8553e-06
 3.6232e+00  0.0000e+00 3  6.3557e-06 -1.7151e+00 -9.1422e-07 -6.2896e-06
 3.5211e+00  0.0000e+00 3  4.6428e-06 -1.8253e+00 -1.1687e-06 -4.4933e-06
 3.4247e+00  0.0000e+00 3  3.3808e-06 -1.9255e+00 -1.1742e-06 -3.1703e-06
 3.3333e+00  0.0000e+00 3  2.4630e-06 -2.0002e+00 -1.0254e-06 -2.2394e-06
 3.2468e+00  0.0000e+00 3  1.7940e-06 -2.0362e+00 -8.0515e-07 -1.6031e-06
 5.0000e+01  0.0000e+00 4  0.0000e+00  0.0000e+00  0.0000e+00  0.0000e+00
 3.5714e+01  0.0000e+00 4  0.0000e+00  0.0000e+00  0.0000e+00  0.0000e+00
 2.7778e+01  0.0000e+00 4  0.0000e+00  0.0000e+00  0.0000e+00  0.0000e+00
 2.2727e+01  0.0000e+00 4  0.0000e+00  0.0000e+00  0.0000e+00  0.0000e+00
 1.9231e+01  0.0000e+00 4  0.0000e+00  0.0000e+00  0.0000e+00  0.0000e+00
 1.6667e+01  0.0000e+00 4  0.0000e+00  0.0000e+00  0.0000e+00  0.0000e+00
 1.4706e+01  0.0000e+00 4  0.0000e+00  0.0000e+00  0.0000e+00  0.0000e+00
 1.3158e+01  0.0000e+00 4  0.0000e+00 -0.0000e+00  0.0000e+00 -0.0000e+00
 1.1905e+01  0.0000e+00 4  0.0000e+00  0.0000e+00  0.0000e+00  0.0000e+00
 1.0870e+01  0.0000e+00 4  0.0000e+00  0.0000e+00  0.0000e+00  0.0000e+00
 1.0000e+01  0.0000e+00 4  0.0000e+00  0.0000e+00  0.0000e+00  0.0000e+00
 9.2593e+00  0.0000e+00 4  0.0000e+00  0.0000e+00  0.0000e+00  0.0000e+00
 8.6207e+00  0.0000e+00 4  0.0000e+00 -0.0000e+00  0.0000e+00 -0.0000e+00
 8.0645e+00  0.0000e+00 4  0.0000e+00  0.0000e+00  0.0000e+00  0.0000e+00
 7.5758e+00  0.0000e+00 4  0.0000e+00  0.0000e+00  0.0000e+00  0.0000e+00
 7.1429e+00  0.0000e+00 4  0.0000e+00  0.0000e+00  0.0000e+00  0.0000e+00
 6.7568e+00  0.0000e+00 4  0.0000e+00  0.0000e+00  0.0000e+00  0.0000e+00
 6.4103e+00  0.0000e+00 4  0.0000e+00 -0.0000e+00  0.0000e+00 -0.0000e+00
 6.0976e+00  0.0000e+00 4  0.0000e+00  0.0000e+00  0.0000e+00  0.0000e+00
 5.8140e+00  0.0000e+00 4  0.0000e+00  0.0000e+00  0.0000e+00  0.0000e+00
 5.5556e+00  0.0000e+00 4  0.0000e+00  0.0000e+00  0.0000e+00  0.0000e+00
 5.3191e+00  0.0000e+00 4  0.0000e+00  0.0000e+00  0.0000e+00  0.0000e+00
 5.1020e+00  0.0000e+00 4  0.0000e+00  0.0000e+00  0.0000e+00  0.0000e+00
 4.9020e+00  0.0000e+00 4  0.0000e+00  0.0000e+00  0.0000e+00  0.0000e+00
 4.7170e+00  0.0000e+00 4  0.0000e+00  0.0000e+00  0.0000e+00  0.0000e+00
 4.5455e+00  0.0000e+00 4  0.0000e+00  0.0000e+00  0.0000e+00  0.0000e+00
 4.3860e+00  0.0000e+00 4  0.0000e+00  0.0000e+00  0.0000e+00  0.0000e+00
 4.2373e+00  0.0000e+00 4  0.0000e+00  0.0000e+00  0.0000e+00  0.0000e+00
 4.0984e+00  0.0000e+00 4  0.0000e+00  0.0000e+00  0.0000e+00  0.0000e+00
 3.9683e+00  0.0000e+00 4  0.0000e+00  0.0000e+00  0.0000e+00  0.0000e+00
 3.8462e+00  0.0000e+00 4  0.0000e+00  0.0000e+00  0.0000e+00  0.0000e+00
 3.7313e+00  0.0000e+00 4  0.0000e+00  0.0000e+00  0.0000e+00  0.0000e+00
 3.6232e+00  0.0000e+00 4  0.0000e+00  0.0000e+00  0.0000e+00  0.0000e+00
 3.5211e+00  0.0000e+00 4  0.0000e+00  0.0000e+00  0.0000e+00  0.0000e+00
 3.4247e+00  0.0000e+00 4  0.0000e+00  0.0000e+00  0.0000e+00  0.0000e+00
 3.3333e+00  0.0000e+00 4  0.0000e+00  0.0000e+00  0.0000e+00  0.0000e+00
 3.2468e+00  0.0000e+00 4  0.0000e+00  0.0000e+00  0.0000e+00  0.0000e+00
 5.0000e+01  0.0000e+00 5  0.0000e+00  0.0000e+00  0.0000e+00  0.0000e+00
 3.5714e+01  0.0000e+00 5  0.0000e+00  0.0000e+00  0.0000e+00  0.0000e+00
 2.7778e+01  0.0000e+00 5  0.0000e+00  0.0000e+00  0.0000e+00  0.0000e+00
 2.2727e+01  0.0000e+00 5  0.0000e+00  0.0000e+00  0.0000e+00  0.0000e+00
 1.9231e+01  0.0000e+00 5  0.0000e+00  0.0000e+00  0.0000e+00  0.0000e+00
 1.6667e+01  0.0000e+00 5  0.0000e+00  0.0000e+00  0.0000e+00  0.0000e+00
 1.4706e+01  0.0000e+00 5  2.3721e-01 -6.4528e-02  2.3672e-01 -1.5296e-02
 1.3158e+01  0.0000e+00 5  2.4761e-03 -3.1337e-01  2.3556e-03 -7.6331e-04
 1.1905e+01  0.0000e+00 5  6.0070e-04 -1.1518e+00  2.4442e-04 -5.4873e-04
 1.0870e+01  0.0000e+00 5  4.5481e-04 -1.5969e+00 -1.1874e-05 -4.5465e-04
 1.0000e+01  0.0000e+00 5  3.7314e-04 -1.7159e+00 -5.3969e-05 -3.6922e-04
 9.2593e+00  0.0000e+00 5  2.8681e-04 -1.8072e+00 -6.7167e-05 -2.7884e-04
 8.6207e+00  0.0000e+00 5  1.9859e-04 -1.9584e+00 -7.5067e-05 -1.8385e-04
 8.0645e+00  0.0000e+00 5  1.2138e-04 -2.3439e+00 -8.4772e-05 -8.6876e-05
 7.5758e+00  0.0000e+00 5  9.7808e-05  3.0605e+00 -9.7486e-05  7.9259e-06
 7.1429e+00  0.0000e+00 5  1.4810e-04  2.4225e+00 -1.1144e-04  9.7552e-05
 6.7568e+00  0.0000e+00 5  2.1886e-04  2.1779e+00 -1.2487e-04  1.7975e-04
 6.4103e+00  0.0000e+00 5  2.8877e-04  2.0631e+00 -1.3649e-04  2.5447e-04
 6.0976e+00  0.0000e+00 5  3.5276e-04  1.9885e+00 -1.4309e-04  3.2244e-04
 5.8140e+00  0.0000e+00 5  4.1376e-04  1.9222e+00 -1.4243e-04  3.8847e-04
 5.5556e+00  0.0000e+00 5  4.7636e-04  1.8469e+00 -1.2985e-04  4.5832e-04
 5.3191e+00  0.0000e+00 5  5.5027e-04  1.7460e+00 -9.5900e-05  5.4185e-04
 5.1020e+00  0.0000e+00 5  6.4926e-04  1.6069e+00 -2.3462e-05  6.4884e-04
 4.9020e+00  0.0000e+00 5  8.0385e-04  1.3608e+00  1.6756e-04  7.8620e-04
 4.7170e+00  0.0000e+00 5  1.0061e-03  9.3174e-01  6.0009e-04  8.0758e-04
 4.5455e+00  0.0000e+00 5  1.0356e-03  2.1459e-01  1.0119e-03  2.2053e-04
 4.3860e+00  0.0000e+00 5  7.1922e-04 -4.3197e-01  6.5315e-04 -3.0111e-04
 4.2373e+00  0.0000e+00 5  4.3307e-04 -8.6168e-01  2.8200e-04 -3.2867e-04
 4.0984e+00  0.0000e+00 5  2.7708e-04 -1.0957e+00  1.2674e-04 -2.4639e-04
 3.9683e+00  0.0000e+00 5  1.8442e-04 -1.2872e+00  5.1602e-05 -1.7705e-04
 3.8462e+00  0.0000e+00 5  1.2790e-04 -1.4433e+00  1.6263e-05 -1.2686e-04
 3.7313e+00  0.0000e+00 5  9.0980e-05 -1.5827e+00 -1.0840e-06 -9.0974e-05
 3.6232e+00  0.0000e+00 5  6.5307e-05 -1.7157e+00 -9.4312e-06 -6.4622e-05
 3.5211e+00  0.0000e+00 5  4.7683e-05 -1.8284e+00 -1.2148e-05 -4.6110e-05
 3.4247e+00  0.0000e+00 5  3.4686e-05 -1.9312e+00 -1.2232e-05 -3.2458e-05
 3.3333e+00  0.0000e+00 5  2.5225e-05 -2.0083e+00 -1.0687e-05 -2.2849e-05
 3.2468e+00  0.0000e+00 5  1.8320e-05 -2.0466e+00 -8.3916e-06 -1.6285e-05
 5.0000e+01  0.0000e+00 6  0.0000e+00  0.0000e+00  0.0000e+00  0.0000e+00
 3.5714e+01  0.0000e+00 6  0.0000e+00  0.0000e+00  0.0000e+00  0.0000e+00
 2.7778e+01  0.0000e+00 6  0.0000e+00  0.0000e+00  0.0000e+00  0.0000e+00
 2.2727e+01  0.0000e+00 6  0.0000e+00  0.0000e+00  0.0000e+00  0.0000e+00
 1.9231e+01  0.0000e+00 6  0.0000e+00  0.0000e+00  0.0000e+00  0.0000e+00
 1.6667e+01  0.0000e+00 6  0.0000e+00  0.0000e+00  0.0000e+00  0.0000e+00
 1.4706e+01  0.0000e+00 6  0.0000e+00  0.0000e+00  0.0000e+00  0.0000e+00
 1.3158e+01  0.0000e+00 6  0.0000e+00  0.0000e+00  0.0000e+00  0.0000e+00
 1.1905e+01  0.0000e+00 6  0.0000e+00  0.0000e+00  0.0000e+00  0.0000e+00
 1.0870e+01  0.0000e+00 6  0.0000e+00  0.0000e+00  0.0000e+00  0.0000e+00
 1.0000e+01  0.0000e+00 6  0.0000e+00  0.0000e+00  0.0000e+00  0.0000e+00
 9.2593e+00  0.0000e+00 6  0.0000e+00  0.0000e+00  0.0000e+00  0.0000e+00
 8.6207e+00  0.0000e+00 6  0.0000e+00 -0.0000e+00  0.0000e+00 -0.0000e+00
 8.0645e+00  0.0000e+00 6  0.0000e+00  0.0000e+00  0.0000e+00  0.0000e+00
 7.5758e+00  0.0000e+00 6  0.0000e+00  0.0000e+00  0.0000e+00  0.0000e+00
 7.1429e+00  0.0000e+00 6  0.0000e+00  0.0000e+00  0.0000e+00  0.0000e+00
 6.7568e+00  0.0000e+00 6  0.0000e+00  0.0000e+00  0.0000e+00  0.0000e+00
 6.4103e+00  0.0000e+00 6  0.0000e+00 -0.0000e+00  0.0000e+00 -0.0000e+00
 6.0976e+00  0.0000e+00 6  0.0000e+00  0.0000e+00  0.0000e+00  0.0000e+00
 5.8140e+00  0.0000e+00 6  0.0000e+00  0.0000e+00  0.0000e+00  0.0000e+00
 5.5556e+00  0.0000e+00 6  0.0000e+00  0.0000e+00  0.0000e+00  0.0000e+00
 5.3191e+00  0.0000e+00 6  0.0000e+00  0.0000e+00  0.0000e+00  0.0000e+00
 5.1020e+00  0.0000e+00 6  0.0000e+00  0.0000e+00  0.0000e+00  0.0000e+00
 4.9020e+00  0.0000e+00 6  0.0000e+00  0.0000e+00  0.0000e+00  0.0000e+00
 4.7170e+00  0.0000e+00 6  0.0000e+00  0.0000e+00  0.0000e+00  0.0000e+00
 4.5455e+00  0.0000e+00 6  0.0000e+00  0.0000e+00  0.0000e+00  0.0000e+00
 4.3860e+00  0.0000e+00 6  0.0000e+00  0.0000e+00  0.0000e+00  0.0000e+00
 4.2373e+00  0.0000e+00 6  0.0000e+00  0.0000e+00  0.0000e+00  0.0000e+00
 4.0984e+00  0.0000e+00 6  0.0000e+00  0.0000e+00  0.0000e+00  0.0000e+00
 3.9683e+00  0.0000e+00 6  0.0000e+00  0.0000e+00  0.0000e+00  0.0000e+00
 3.8462e+00  0.0000e+00 6  0.0000e+00  0.0000e+00  0.0000e+00  0.0000e+00
 3.7313e+00  0.0000e+00 6  0.0000e+00  0.0000e+00  0.0000e+00  0.0000e+00
 3.6232e+00  0.0000e+00 6  0.0000e+00 -0.0000e+00  0.0000e+00 -0.0000e+00
 3.5211e+00  0.0000e+00 6  0.0000e+00  0.0000e+00  0.0000e+00  0.0000e+00
 3.4247e+00  0.0000e+00 6  0.0000e+00  0.0000e+00  0.0000e+00  0.0000e+00
 3.3333e+00  0.0000e+00 6  0.0000e+00  0.0000e+00  0.0000e+00  0.0000e+00
 3.2468e+00  0.0000e+00 6  0.0000e+00  0.0000e+00  0.0000e+00  0.0000e+00
