 5.0000e+01  0.0000e+00 1  0.0000e+00  0.0000e+00  0.0000e+00  0.0000e+00
 3.5714e+01  0.0000e+00 1  0.0000e+00  0.0000e+00  0.0000e+00  0.0000e+00
 2.7778e+01  0.0000e+00 1  3.2501e-01  4.6569e-01  2.9040e-01  1.4595e-01
 2.2727e+01  0.0000e+00 1  1.0138e+00  3.0781e-01  9.6612e-01  3.0714e-01
 1.9231e+01  0.0000e+00 1  1.2496e+00  9.2349e-03  1.2495e+00  1.1540e-02
 1.6667e+01  0.0000e+00 1  1.3350e+00 -3.5736e-01  1.2507e+00 -4.6701e-01
 1.4706e+01  0.0000e+00 1  1.2254e+00 -6.7638e-01  9.5563e-01 -7.6708e-01
 1.3158e+01  0.0000e+00 1  1.0508e+00 -8.9491e-01  6.5736e-01 -8.1977e-01
 1.1905e+01  0.0000e+00 1  8.8956e-01 -1.0295e+00  4.5838e-01 -7.6237e-01
 1.0870e+01  0.0000e+00 1  7.5762e-01 -1.1064e+00  3.3930e-01 -6.7740e-01
 1.0000e+01  0.0000e+00 1  6.5004e-01 -1.1442e+00  2.6897e-01 -5.9179e-01
 9.2593e+00  0.0000e+00 1  5.5909e-01 -1.1528e+00  2.2696e-01 -5.1094e-01
 8.6207e+00  0.0000e+00 1  4.7867e-01 -1.1397e+00  2.0002e-01 -4.3487e-01
 8.0645e+00  0.0000e+00 1  4.0605e-01 -1.1131e+00  1.7941e-01 -3.6426e-01
 7.5758e+00  0.0000e+00 1  3.4080e-01 -1.0860e+00  1.5883e-01 -3.0152e-01
 7.1429e+00  0.0000e+00 1  2.8336e-01 -1.0632e+00  1.3774e-01 -2.4763e-01
 6.7568e+00  0.0000e+00 1  2.3363e-01 -1.0431e+00  1.1764e-01 -2.0185e-01
 6.4103e+00  0.0000e+00 1  1.9119e-01 -1.0296e+00  9.8499e-02 -1.6387e-01
 6.0976e+00  0.0000e+00 1  1.5563e-01 -1.0256e+00  8.0713e-02 -1.3307e-01
 5.8140e+00  0.0000e+00 1  1.2632e-01 -1.0331e+00  6.4698e-02 -1.0849e-01
 5.5556e+00  0.0000e+00 1  1.0247e-01 -1.0531e+00  5.0713e-02 -8.9042e-02
 5.3191e+00  0.0000e+00 1  8.3316e-02 -1.0857e+00  3.8851e-02 -7.3703e-02
 5.1020e+00  0.0000e+00 1  6.7945e-02 -1.1305e+00  2.8961e-02 -6.1464e-02
 4.9020e+00  0.0000e+00 1  5.5637e-02 -1.1869e+00  2.0840e-02 -5.1586e-02
 4.7170e+00  0.0000e+00 1  4.5779e-02 -1.2541e+00  1.4255e-02 -4.3503e-02
 4.5455e+00  0.0000e+00 1  3.7868e-02 -1.3315e+00  8.9740e-03 -3.6789e-02
 4.3860e+00  0.0000e+00 1  3.1517e-02 -1.4178e+00  4.8028e-03 -3.1149e-02
 4.2373e+00  0.0000e+00 1  2.6376e-02 -1.5126e+00  1.5341e-03 -2.6331e-02
 4.0984e+00  0.0000e+00 1  2.2193e-02 -1.6152e+00 -9.8583e-04 -2.2171e-02
 3.9683e+00  0.0000e+00 1  1.8773e-02 -1.7251e+00 -2.8847e-03 -1.8550e-02
 3.8462e+00  0.0000e+00 1  1.5959e-02 -1.8415e+00 -4.2684e-03 -1.5378e-02
 3.7313e+00  0.0000e+00 1  1.3635e-02 -1.9634e+00 -5.2174e-03 -1.2598e-02
 3.6232e+00  0.0000e+00 1  1.1699e-02 -2.0909e+00 -5.8139e-03 -1.0152e-02
 3.5211e+00  0.0000e+00 1  1.0075e-02 -2.2235e+00 -6.1189e-03 -8.0038e-03
 3.4247e+00  0.0000e+00 1  8.7048e-03 -2.3609e+00 -6.1842e-03 -6.1261e-03
 3.3333e+00  0.0000e+00 1  7.5415e-03 -2.5028e+00 -6.0547e-03 -4.4962e-03
 3.2468e+00  0.0000e+00 1  6.5476e-03 -2.6484e+00 -5.7673e-03 -3.1000e-03
 3.1646e+00  0.0000e+00 1  5.6928e-03 -2.7981e+00 -5.3604e-03 -1.9170e-03
 3.0864e+00  0.0000e+00 1  4.9537e-03 -2.9521e+00 -4.8650e-03 -9.3290e-04
 3.0120e+00  0.0000e+00 1  4.3113e-03 -3.1105e+00 -4.3092e-03 -1.3413e-04
 2.9412e+00  0.0000e+00 1  3.7507e-03  3.0098e+00 -3.7181e-03  4.9298e-04
 2.8736e+00  0.0000e+00 1  3.2590e-03  2.8427e+00 -3.1145e-03  9.5962e-04
 2.8090e+00  0.0000e+00 1  2.8272e-03  2.6702e+00 -2.5189e-03  1.2838e-03
 2.7473e+00  0.0000e+00 1  2.4476e-03  2.4917e+00 -1.9487e-03  1.4811e-03
 2.6882e+00  0.0000e+00 1  2.1140e-03  2.3063e+00 -1.4184e-03  1.5675e-03
 2.6316e+00  0.0000e+00 1  1.8212e-03  2.1130e+00 -9.3977e-04  1.5600e-03
 2.5773e+00  0.0000e+00 1  1.5645e-03  1.9117e+00 -5.2314e-04  1.4744e-03
 2.5253e+00  0.0000e+00 1  1.3412e-03  1.7003e+00 -1.7322e-04  1.3299e-03
 2.4752e+00  0.0000e+00 1  1.1483e-03  1.4774e+00  1.0712e-04  1.1433e-03
 2.4272e+00  0.0000e+00 1  9.8354e-04  1.2417e+00  3.1785e-04  9.3077e-04
 2.3810e+00  0.0000e+00 1  8.4451e-04  9.9247e-01  4.6163e-04  7.0718e-04
 2.3364e+00  0.0000e+00 1  7.2838e-04  7.3082e-01  5.4238e-04  4.8618e-04
 2.2936e+00  0.0000e+00 1  6.3342e-04  4.5658e-01  5.6854e-04  2.7926e-04
 2.2523e+00  0.0000e+00 1  5.5702e-04  1.7223e-01  5.4878e-04  9.5463e-05
 2.2124e+00  0.0000e+00 1  4.9629e-04 -1.1838e-01  4.9282e-04 -5.8615e-05
 2.1739e+00  0.0000e+00 1  4.4809e-04 -4.1065e-01  4.1084e-04 -1.7888e-04
 2.1368e+00  0.0000e+00 1  4.0872e-04 -6.9910e-01  3.1285e-04 -2.6303e-04
 2.1008e+00  0.0000e+00 1  3.7589e-04 -9.8167e-01  2.0886e-04 -3.1252e-04
 2.0661e+00  0.0000e+00 1  3.4718e-04 -1.2565e+00  1.0731e-04 -3.3017e-04
 2.0325e+00  0.0000e+00 1  3.2076e-04 -1.5233e+00  1.5213e-05 -3.2039e-04
 2.0000e+00  0.0000e+00 1  2.9539e-04 -1.7828e+00 -6.2162e-05 -2.8877e-04
 1.9685e+00  0.0000e+00 1  2.7001e-04 -2.0354e+00 -1.2099e-04 -2.4139e-04
 1.9380e+00  0.0000e+00 1  2.4470e-04 -2.2839e+00 -1.6009e-04 -1.8507e-04
 1.9084e+00  0.0000e+00 1  2.1944e-04 -2.5304e+00 -1.7972e-04 -1.2592e-04
 1.8797e+00  0.0000e+00 1  1.9440e-04 -2.7772e+00 -1.8164e-04 -6.9279e-05
 1.8519e+00  0.0000e+00 1  1.6989e-04 -3.0268e+00 -1.6877e-04 -1.9455e-05
 1.8248e+00  0.0000e+00 1  1.4610e-04  3.0023e+00 -1.4468e-04  2.0283e-05
 1.7986e+00  0.0000e+00 1  1.2363e-04  2.7390e+00 -1.1375e-04  4.8442e-05
 1.7730e+00  0.0000e+00 1  1.0288e-04  2.4617e+00 -8.0002e-05  6.4687e-05
 1.7483e+00  0.0000e+00 1  8.4224e-05  2.1641e+00 -4.7087e-05  6.9832e-05
 1.7241e+00  0.0000e+00 1  6.8016e-05  1.8380e+00 -1.7958e-05  6.5602e-05
 1.7007e+00  0.0000e+00 1  5.4498e-05  1.4762e+00  5.1468e-06  5.4254e-05
 1.6779e+00  0.0000e+00 1  4.4057e-05  1.0688e+00  2.1200e-05  3.8622e-05
 1.6556e+00  0.0000e+00 1  3.6815e-05  6.1793e-01  3.0007e-05  2.1329e-05
 5.0000e+01  0.0000e+00 2  0.0000e+00  0.0000e+00  0.0000e+00  0.0000e+00
 3.5714e+01  0.0000e+00 2  0.0000e+00  0.0000e+00  0.0000e+00  0.0000e+00
 2.7778e+01  0.0000e+00 2  1.3834e-05  2.3584e-01  1.3452e-05  3.2325e-06
 2.2727e+01  0.0000e+00 2  3.7469e-05  2.8044e-01  3.6005e-05  1.0371e-05
 1.9231e+01  0.0000e+00 2  4.3157e-05  2.2392e-01  4.2080e-05  9.5831e-06
 1.6667e+01  0.0000e+00 2  4.6828e-05  2.9937e-02  4.6807e-05  1.4017e-06
 1.4706e+01  0.0000e+00 2  4.5450e-05 -2.0686e-01  4.4481e-05 -9.3347e-06
 1.3158e+01  0.0000e+00 2  4.1892e-05 -4.2626e-01  3.8144e-05 -1.7321e-05
 1.1905e+01  0.0000e+00 2  3.8277e-05 -6.3831e-01  3.0741e-05 -2.2807e-05
 1.0870e+01  0.0000e+00 2  3.4674e-05 -8.5688e-01  2.2705e-05 -2.6207e-05
 1.0000e+01  0.0000e+00 2  3.0645e-05 -1.0719e+00  1.4663e-05 -2.6909e-05
 9.2593e+00  0.0000e+00 2  2.6267e-05 -1.2558e+00  8.1367e-06 -2.4975e-05
 8.6207e+00  0.0000e+00 2  2.2068e-05 -1.3944e+00  3.8733e-06 -2.1725e-05
 8.0645e+00  0.0000e+00 2  1.8365e-05 -1.4905e+00  1.4724e-06 -1.8306e-05
 7.5758e+00  0.0000e+00 2  1.5242e-05 -1.5611e+00  1.4821e-07 -1.5242e-05
 7.1429e+00  0.0000e+00 2  1.2670e-05 -1.6170e+00 -5.8554e-07 -1.2656e-05
 6.7568e+00  0.0000e+00 2  1.0557e-05 -1.6613e+00 -9.5444e-07 -1.0514e-05
 6.4103e+00  0.0000e+00 2  8.8104e-06 -1.7025e+00 -1.1570e-06 -8.7341e-06
 6.0976e+00  0.0000e+00 2  7.3662e-06 -1.7463e+00 -1.2862e-06 -7.2531e-06
 5.8140e+00  0.0000e+00 2  6.1737e-06 -1.7966e+00 -1.3823e-06 -6.0170e-06
 5.5556e+00  0.0000e+00 2  5.1908e-06 -1.8557e+00 -1.4590e-06 -4.9815e-06
 5.3191e+00  0.0000e+00 2  4.3837e-06 -1.9244e+00 -1.5181e-06 -4.1124e-06
 5.1020e+00  0.0000e+00 2  3.7182e-06 -2.0033e+00 -1.5584e-06 -3.3759e-06
 4.9020e+00  0.0000e+00 2  3.1687e-06 -2.0921e+00 -1.5780e-06 -2.7478e-06
 4.7170e+00  0.0000e+00 2  2.7136e-06 -2.1905e+00 -1.5760e-06 -2.2091e-06
 4.5455e+00  0.0000e+00 2  2.3354e-06 -2.2978e+00 -1.5522e-06 -1.7449e-06
 4.3860e+00  0.0000e+00 2  2.0202e-06 -2.4131e+00 -1.5074e-06 -1.3450e-06
 4.2373e+00  0.0000e+00 2  1.7557e-06 -2.5360e+00 -1.4435e-06 -9.9946e-07
 4.0984e+00  0.0000e+00 2  1.5327e-06 -2.6660e+00 -1.3626e-06 -7.0171e-07
 3.9683e+00  0.0000e+00 2  1.3437e-06 -2.8026e+00 -1.2672e-06 -4.4678e-07
 3.8462e+00  0.0000e+00 2  1.1826e-06 -2.9452e+00 -1.1599e-06 -2.3073e-07
 3.7313e+00  0.0000e+00 2  1.0446e-06 -3.0927e+00 -1.0433e-06 -5.1060e-08
 3.6232e+00  0.0000e+00 2  9.2548e-07  3.0380e+00 -9.2052e-07  9.5670e-08
 3.5211e+00  0.0000e+00 2  8.2219e-07  2.8810e+00 -7.9442e-07  2.1186e-07
 3.4247e+00  0.0000e+00 2  7.3203e-07  2.7196e+00 -6.6783e-07  2.9980e-07
 3.3333e+00  0.0000e+00 2  6.5286e-07  2.5543e+00 -5.4347e-07  3.6176e-07
 3.2468e+00  0.0000e+00 2  5.8273e-07  2.3858e+00 -4.2407e-07  3.9967e-07
 3.1646e+00  0.0000e+00 2  5.2037e-07  2.2136e+00 -3.1191e-07  4.1653e-07
 3.0864e+00  0.0000e+00 2  4.6463e-07  2.0376e+00 -2.0908e-07  4.1493e-07
 3.0120e+00  0.0000e+00 2  4.1458e-07  1.8577e+00 -1.1730e-07  3.9763e-07
 2.9412e+00  0.0000e+00 2  3.6944e-07  1.6736e+00 -3.7918e-08  3.6749e-07
 2.8736e+00  0.0000e+00 2  3.2847e-07  1.4858e+00  2.7878e-08  3.2729e-07
 2.8090e+00  0.0000e+00 2  2.9135e-07  1.2930e+00  7.9886e-08  2.8019e-07
 2.7473e+00  0.0000e+00 2  2.5771e-07  1.0946e+00  1.1813e-07  2.2904e-07
 2.6882e+00  0.0000e+00 2  2.2726e-07  8.8975e-01  1.4308e-07  1.7656e-07
 2.6316e+00  0.0000e+00 2  1.9977e-07  6.7743e-01  1.5566e-07  1.2522e-07
 2.5773e+00  0.0000e+00 2  1.7496e-07  4.5752e-01  1.5696e-07  7.7284e-08
 2.5253e+00  0.0000e+00 2  1.5282e-07  2.2786e-01  1.4887e-07  3.4521e-08
 2.4752e+00  0.0000e+00 2  1.3325e-07 -1.2846e-02  1.3324e-07 -1.7117e-09
 2.4272e+00  0.0000e+00 2  1.1616e-07 -2.6581e-01  1.1208e-07 -3.0514e-08
 2.3810e+00  0.0000e+00 2  1.0146e-07 -5.3185e-01  8.7449e-08 -5.1455e-08
 2.3364e+00  0.0000e+00 2  8.8949e-08 -8.0987e-01  6.1339e-08 -6.4417e-08
 2.2936e+00  0.0000e+00 2  7.8576e-08 -1.1000e+00  3.5643e-08 -7.0028e-08
 2.2523e+00  0.0000e+00 2  7.0148e-08 -1.3998e+00  1.1937e-08 -6.9125e-08
 2.2124e+00  0.0000e+00 2  6.3406e-08 -1.7055e+00 -8.5144e-09 -6.2832e-08
 2.1739e+00  0.0000e+00 2  5.8040e-08 -2.0126e+00 -2.4815e-08 -5.2468e-08
 2.1368e+00  0.0000e+00 2  5.3631e-08 -2.3158e+00 -3.6360e-08 -3.9424e-08
 2.1008e+00  0.0000e+00 2  4.9942e-08 -2.6130e+00 -4.3126e-08 -2.5186e-08
 2.0661e+00  0.0000e+00 2  4.6688e-08 -2.9024e+00 -4.5358e-08 -1.1061e-08
 2.0325e+00  0.0000e+00 2  4.3645e-08  3.0995e+00 -4.3607e-08  1.8345e-09
 2.0000e+00  0.0000e+00 2  4.0659e-08  2.8258e+00 -3.8648e-08  1.2627e-08
 1.9685e+00  0.0000e+00 2  3.7580e-08  2.5590e+00 -3.1382e-08  2.0675e-08
 1.9380e+00  0.0000e+00 2  3.4430e-08  2.2966e+00 -2.2852e-08  2.5754e-08
 1.9084e+00  0.0000e+00 2  3.1208e-08  2.0363e+00 -1.4008e-08  2.7888e-08
 1.8797e+00  0.0000e+00 2  2.7940e-08  1.7760e+00 -5.6921e-09  2.7354e-08
 1.8519e+00  0.0000e+00 2  2.4671e-08  1.5130e+00  1.4249e-09  2.4630e-08
 1.8248e+00  0.0000e+00 2  2.1431e-08  1.2458e+00  6.8430e-09  2.0309e-08
 1.7986e+00  0.0000e+00 2  1.8318e-08  9.6954e-01  1.0362e-08  1.5105e-08
 1.7730e+00  0.0000e+00 2  1.5396e-08  6.7953e-01  1.1976e-08  9.6755e-09
 1.7483e+00  0.0000e+00 2  1.2731e-08  3.6958e-01  1.1872e-08  4.5988e-09
 1.7241e+00  0.0000e+00 2  1.0387e-08  3.1630e-02  1.0381e-08  3.2847e-10
 1.7007e+00  0.0000e+00 2  8.4064e-09 -3.4133e-01  7.9214e-09 -2.8140e-09
 1.6779e+00  0.0000e+00 2  6.8637e-09 -7.5889e-01  4.9803e-09 -4.7230e-09
 1.6556e+00  0.0000e+00 2  5.7881e-09 -1.2187e+00  1.9962e-09 -5.4330e-09
 5.0000e+01  0.0000e+00 3  0.0000e+00  0.0000e+00  0.0000e+00  0.0000e+00
 3.5714e+01  0.0000e+00 3  0.0000e+00  0.0000e+00  0.0000e+00  0.0000e+00
 2.7778e+01  0.0000e+00 3  1.2806e-06  7.3345e-02  1.2772e-06  9.3841e-08
 2.2727e+01  0.0000e+00 3  3.4691e-06  1.0256e-01  3.4509e-06  3.5517e-07
 1.9231e+01  0.0000e+00 3  4.2694e-06  1.1811e-01  4.2397e-06  5.0310e-07
 1.6667e+01  0.0000e+00 3  5.8012e-06 -1.3041e-03  5.8012e-06 -7.5655e-09
 1.4706e+01  0.0000e+00 3  7.7013e-06 -2.5976e-01  7.4430e-06 -1.9781e-06
 1.3158e+01  0.0000e+00 3  9.6893e-06 -5.7105e-01  8.1519e-06 -5.2372e-06
 1.1905e+01  0.0000e+00 3  1.1635e-05 -9.0439e-01  7.1922e-06 -9.1454e-06
 1.0870e+01  0.0000e+00 3  1.3157e-05 -1.2468e+00  4.1883e-06 -1.2472e-05
 1.0000e+01  0.0000e+00 3  1.3766e-05 -1.5740e+00 -4.3421e-08 -1.3766e-05
 9.2593e+00  0.0000e+00 3  1.3292e-05 -1.8533e+00 -3.7051e-06 -1.2765e-05
 8.6207e+00  0.0000e+00 3  1.2103e-05 -2.0696e+00 -5.7902e-06 -1.0629e-05
 8.0645e+00  0.0000e+00 3  1.0596e-05 -2.2290e+00 -6.4815e-06 -8.3818e-06
 7.5758e+00  0.0000e+00 3  9.0438e-06 -2.3513e+00 -6.3633e-06 -6.4264e-06
 7.1429e+00  0.0000e+00 3  7.5998e-06 -2.4495e+00 -5.8513e-06 -4.8496e-06
 6.7568e+00  0.0000e+00 3  6.3172e-06 -2.5281e+00 -5.1651e-06 -3.6371e-06
 6.4103e+00  0.0000e+00 3  5.2098e-06 -2.5972e+00 -4.4566e-06 -2.6982e-06
 6.0976e+00  0.0000e+00 3  4.2747e-06 -2.6636e+00 -3.7955e-06 -1.9664e-06
 5.8140e+00  0.0000e+00 3  3.4989e-06 -2.7319e+00 -3.2093e-06 -1.3938e-06
 5.5556e+00  0.0000e+00 3  2.8638e-06 -2.8050e+00 -2.7031e-06 -9.4586e-07
 5.3191e+00  0.0000e+00 3  2.3502e-06 -2.8841e+00 -2.2727e-06 -5.9846e-07
 5.1020e+00  0.0000e+00 3  1.9353e-06 -2.9705e+00 -1.9070e-06 -3.2957e-07
 4.9020e+00  0.0000e+00 3  1.6008e-06 -3.0643e+00 -1.5960e-06 -1.2361e-07
 4.7170e+00  0.0000e+00 3  1.3310e-06  3.1176e+00 -1.3306e-06  3.1903e-08
 4.5455e+00  0.0000e+00 3  1.1128e-06  3.0092e+00 -1.1031e-06  1.4694e-07
 4.3860e+00  0.0000e+00 3  9.3622e-07  2.8945e+00 -9.0779e-07  2.2898e-07
 4.2373e+00  0.0000e+00 3  7.9214e-07  2.7734e+00 -7.3906e-07  2.8510e-07
 4.0984e+00  0.0000e+00 3  6.7400e-07  2.6463e+00 -5.9301e-07  3.2035e-07
 3.9683e+00  0.0000e+00 3  5.7660e-07  2.5135e+00 -4.6656e-07  3.3880e-07
 3.8462e+00  0.0000e+00 3  4.9581e-07  2.3755e+00 -3.5728e-07  3.4378e-07
 3.7313e+00  0.0000e+00 3  4.2843e-07  2.2332e+00 -2.6349e-07  3.3782e-07
 3.6232e+00  0.0000e+00 3  3.7179e-07  2.0864e+00 -1.8331e-07  3.2345e-07
 3.5211e+00  0.0000e+00 3  3.2386e-07  1.9353e+00 -1.1545e-07  3.0258e-07
 3.4247e+00  0.0000e+00 3  2.8304e-07  1.7802e+00 -5.8833e-08  2.7686e-07
 3.3333e+00  0.0000e+00 3  2.4803e-07  1.6212e+00 -1.2495e-08  2.4772e-07
 3.2468e+00  0.0000e+00 3  2.1777e-07  1.4592e+00  2.4251e-08  2.1642e-07
 3.1646e+00  0.0000e+00 3  1.9147e-07  1.2935e+00  5.2417e-08  1.8416e-07
 3.0864e+00  0.0000e+00 3  1.6847e-07  1.1240e+00  7.2793e-08  1.5194e-07
 3.0120e+00  0.0000e+00 3  1.4825e-07  9.5055e-01  8.6169e-08  1.2064e-07
 2.9412e+00  0.0000e+00 3  1.3039e-07  7.7284e-01  9.3349e-08  9.1035e-08
 2.8736e+00  0.0000e+00 3  1.1451e-07  5.9133e-01  9.5066e-08  6.3835e-08
 2.8090e+00  0.0000e+00 3  1.0039e-07  4.0468e-01  9.2281e-08  3.9526e-08
 2.7473e+00  0.0000e+00 3  8.7817e-08  2.1221e-01  8.5847e-08  1.8496e-08
 2.6882e+00  0.0000e+00 3  7.6626e-08  1.3093e-02  7.6619e-08  1.0033e-09
 2.6316e+00  0.0000e+00 3  6.6682e-08 -1.9367e-01  6.5435e-08 -1.2834e-08
 2.5773e+00  0.0000e+00 3  5.7844e-08 -4.0821e-01  5.3091e-08 -2.2962e-08
 2.5253e+00  0.0000e+00 3  5.0063e-08 -6.3274e-01  4.0371e-08 -2.9605e-08
 2.4752e+00  0.0000e+00 3  4.3269e-08 -8.6860e-01  2.7947e-08 -3.3033e-08
 2.4272e+00  0.0000e+00 3  3.7402e-08 -1.1170e+00  1.6396e-08 -3.3617e-08
 2.3810e+00  0.0000e+00 3  3.2404e-08 -1.3788e+00  6.1819e-09 -3.1809e-08
 2.3364e+00  0.0000e+00 3  2.8189e-08 -1.6530e+00 -2.3134e-09 -2.8094e-08
 2.2936e+00  0.0000e+00 3  2.4719e-08 -1.9395e+00 -8.9095e-09 -2.3057e-08
 2.2523e+00  0.0000e+00 3  2.1914e-08 -2.2361e+00 -1.3528e-08 -1.7240e-08
 2.2124e+00  0.0000e+00 3  1.9679e-08 -2.5389e+00 -1.6212e-08 -1.1156e-08
 2.1739e+00  0.0000e+00 3  1.7905e-08 -2.8432e+00 -1.7113e-08 -5.2633e-09
 2.1368e+00  0.0000e+00 3  1.6452e-08  3.1395e+00 -1.6452e-08  3.5220e-11
 2.1008e+00  0.0000e+00 3  1.5239e-08  2.8449e+00 -1.4573e-08  4.4553e-09
 2.0661e+00  0.0000e+00 3  1.4174e-08  2.5581e+00 -1.1829e-08  7.8089e-09
 2.0325e+00  0.0000e+00 3  1.3185e-08  2.2795e+00 -8.5814e-09  1.0011e-08
 2.0000e+00  0.0000e+00 3  1.2225e-08  2.0083e+00 -5.1792e-09  1.1073e-08
 1.9685e+00  0.0000e+00 3  1.1247e-08  1.7441e+00 -1.9389e-09  1.1078e-08
 1.9380e+00  0.0000e+00 3  1.0257e-08  1.4840e+00  8.8883e-10  1.0218e-08
 1.9084e+00  0.0000e+00 3  9.2548e-09  1.2261e+00  3.1270e-09  8.7105e-09
 1.8797e+00  0.0000e+00 3  8.2483e-09  9.6809e-01  4.6757e-09  6.7950e-09
 1.8519e+00  0.0000e+00 3  7.2506e-09  7.0733e-01  5.5112e-09  4.7115e-09
 1.8248e+00  0.0000e+00 3  6.2702e-09  4.4225e-01  5.6669e-09  2.6835e-09
 1.7986e+00  0.0000e+00 3  5.3351e-09  1.6803e-01  5.2600e-09  8.9224e-10
 1.7730e+00  0.0000e+00 3  4.4635e-09 -1.2004e-01  4.4314e-09 -5.3453e-10
 1.7483e+00  0.0000e+00 3  3.6731e-09 -4.2821e-01  3.3415e-09 -1.5252e-09
 1.7241e+00  0.0000e+00 3  2.9814e-09 -7.6462e-01  2.1515e-09 -2.0639e-09
 1.7007e+00  0.0000e+00 3  2.4002e-09 -1.1365e+00  1.0100e-09 -2.1773e-09
 1.6779e+00  0.0000e+00 3  1.9489e-09 -1.5537e+00  3.3310e-11 -1.9486e-09
 1.6556e+00  0.0000e+00 3  1.6350e-09 -2.0142e+00 -7.0148e-10 -1.4768e-09
 5.0000e+01  0.0000e+00 4  0.0000e+00  0.0000e+00  0.0000e+00  0.0000e+00
 3.5714e+01  0.0000e+00 4  0.0000e+00  0.0000e+00  0.0000e+00  0.0000e+00
 2.7778e+01  0.0000e+00 4  9.9702e-07  5.3820e-01  8.5608e-07  5.1107e-07
 2.2727e+01  0.0000e+00 4  3.4141e-06  8.1986e-01  2.3295e-06  2.4959e-06
 1.9231e+01  0.0000e+00 4  6.2063e-06  8.2463e-01  4.2130e-06  4.5573e-06
 1.6667e+01  0.0000e+00 4  1.0130e-05  5.1226e-01  8.8293e-06  4.9650e-06
 1.4706e+01  0.0000e+00 4  1.3761e-05  9.8438e-02  1.3694e-05  1.3524e-06
 1.3158e+01  0.0000e+00 4  1.6831e-05 -3.0534e-01  1.6053e-05 -5.0596e-06
 1.1905e+01  0.0000e+00 4  1.9428e-05 -6.9413e-01  1.4932e-05 -1.2428e-05
 1.0870e+01  0.0000e+00 4  2.1137e-05 -1.0727e+00  1.0099e-05 -1.8569e-05
 1.0000e+01  0.0000e+00 4  2.1371e-05 -1.4256e+00  3.0922e-06 -2.1146e-05
 9.2593e+00  0.0000e+00 4  2.0039e-05 -1.7245e+00 -3.0672e-06 -1.9802e-05
 8.6207e+00  0.0000e+00 4  1.7806e-05 -1.9568e+00 -6.7043e-06 -1.6495e-05
 8.0645e+00  0.0000e+00 4  1.5273e-05 -2.1300e+00 -8.1018e-06 -1.2947e-05
 7.5758e+00  0.0000e+00 4  1.2817e-05 -2.2642e+00 -8.1917e-06 -9.8572e-06
 7.1429e+00  0.0000e+00 4  1.0618e-05 -2.3732e+00 -7.6346e-06 -7.3796e-06
 6.7568e+00  0.0000e+00 4  8.7219e-06 -2.4614e+00 -6.7806e-06 -5.4859e-06
 6.4103e+00  0.0000e+00 4  7.1206e-06 -2.5394e+00 -5.8679e-06 -4.0337e-06
 6.0976e+00  0.0000e+00 4  5.7921e-06 -2.6140e+00 -5.0046e-06 -2.9159e-06
 5.8140e+00  0.0000e+00 4  4.7055e-06 -2.6901e+00 -4.2340e-06 -2.0531e-06
 5.5556e+00  0.0000e+00 4  3.8263e-06 -2.7705e+00 -3.5659e-06 -1.3874e-06
 5.3191e+00  0.0000e+00 4  3.1222e-06 -2.8565e+00 -2.9962e-06 -8.7802e-07
 5.1020e+00  0.0000e+00 4  2.5580e-06 -2.9494e+00 -2.5109e-06 -4.8857e-07
 4.9020e+00  0.0000e+00 4  2.1063e-06 -3.0495e+00 -2.0974e-06 -1.9371e-07
 4.7170e+00  0.0000e+00 4  1.7442e-06  3.1264e+00 -1.7440e-06  2.6411e-08
 4.5455e+00  0.0000e+00 4  1.4529e-06  3.0123e+00 -1.4408e-06  1.8739e-07
 4.3860e+00  0.0000e+00 4  1.2183e-06  2.8922e+00 -1.1806e-06  3.0074e-07
 4.2373e+00  0.0000e+00 4  1.0276e-06  2.7658e+00 -9.5592e-07  3.7712e-07
 4.0984e+00  0.0000e+00 4  8.7189e-07  2.6336e+00 -7.6181e-07  4.2407e-07
 3.9683e+00  0.0000e+00 4  7.4394e-07  2.4960e+00 -5.9421e-07  4.4762e-07
 3.8462e+00  0.0000e+00 4  6.3817e-07  2.3532e+00 -4.4990e-07  4.5260e-07
 3.7313e+00  0.0000e+00 4  5.5020e-07  2.2064e+00 -3.2665e-07  4.4274e-07
 3.6232e+00  0.0000e+00 4  4.7645e-07  2.0552e+00 -2.2189e-07  4.2162e-07
 3.5211e+00  0.0000e+00 4  4.1421e-07  1.8999e+00 -1.3388e-07  3.9198e-07
 3.4247e+00  0.0000e+00 4  3.6133e-07  1.7407e+00 -6.1082e-08  3.5613e-07
 3.3333e+00  0.0000e+00 4  3.1609e-07  1.5777e+00 -2.1685e-09  3.1608e-07
 3.2468e+00  0.0000e+00 4  2.7707e-07  1.4118e+00  4.3870e-08  2.7358e-07
 3.1646e+00  0.0000e+00 4  2.4323e-07  1.2423e+00  7.8470e-08  2.3022e-07
 3.0864e+00  0.0000e+00 4  2.1370e-07  1.0691e+00  1.0277e-07  1.8737e-07
 3.0120e+00  0.0000e+00 4  1.8779e-07  8.9205e-01  1.1790e-07  1.4617e-07
 2.9412e+00  0.0000e+00 4  1.6495e-07  7.1081e-01  1.2500e-07  1.0762e-07
 2.8736e+00  0.0000e+00 4  1.4468e-07  5.2586e-01  1.2513e-07  7.2621e-08
 2.8090e+00  0.0000e+00 4  1.2668e-07  3.3584e-01  1.1961e-07  4.1750e-08
 2.7473e+00  0.0000e+00 4  1.1069e-07  1.4006e-01  1.0961e-07  1.5453e-08
 2.6882e+00  0.0000e+00 4  9.6484e-08 -6.2316e-02  9.6297e-08 -6.0086e-09
 2.6316e+00  0.0000e+00 4  8.3877e-08 -2.7229e-01  8.0787e-08 -2.2558e-08
 2.5773e+00  0.0000e+00 4  7.2689e-08 -4.8997e-01  6.4137e-08 -3.4207e-08
 2.5253e+00  0.0000e+00 4  6.2853e-08 -7.1760e-01  4.7352e-08 -4.1331e-08
 2.4752e+00  0.0000e+00 4  5.4275e-08 -9.5652e-01  3.1282e-08 -4.4353e-08
 2.4272e+00  0.0000e+00 4  4.6876e-08 -1.2080e+00  1.6637e-08 -4.3824e-08
 2.3810e+00  0.0000e+00 4  4.0580e-08 -1.4728e+00  3.9704e-09 -4.0386e-08
 2.3364e+00  0.0000e+00 4  3.5274e-08 -1.7499e+00 -6.2824e-09 -3.4710e-08
 2.2936e+00  0.0000e+00 4  3.0910e-08 -2.0393e+00 -1.3958e-08 -2.7578e-08
 2.2523e+00  0.0000e+00 4  2.7384e-08 -2.3388e+00 -1.9024e-08 -1.9697e-08
 2.2124e+00  0.0000e+00 4  2.4576e-08 -2.6444e+00 -2.1600e-08 -1.1721e-08
 2.1739e+00  0.0000e+00 4  2.2346e-08 -2.9516e+00 -2.1944e-08 -4.2203e-09
 2.1368e+00  0.0000e+00 4  2.0520e-08  3.0283e+00 -2.0389e-08  2.3195e-09
 2.1008e+00  0.0000e+00 4  1.8996e-08  2.7310e+00 -1.7417e-08  7.5822e-09
 2.0661e+00  0.0000e+00 4  1.7659e-08  2.4415e+00 -1.3505e-08  1.1377e-08
 2.0325e+00  0.0000e+00 4  1.6419e-08  2.1602e+00 -9.1264e-09  1.3649e-08
 2.0000e+00  0.0000e+00 4  1.5214e-08  1.8863e+00 -4.7212e-09  1.4463e-08
 1.9685e+00  0.0000e+00 4  1.3990e-08  1.6194e+00 -6.8025e-10  1.3973e-08
 1.9380e+00  0.0000e+00 4  1.2752e-08  1.3568e+00  2.7085e-09  1.2461e-08
 1.9084e+00  0.0000e+00 4  1.1501e-08  1.0962e+00  5.2550e-09  1.0230e-08
 1.8797e+00  0.0000e+00 4  1.0245e-08  8.3558e-01  6.8717e-09  7.5985e-09
 1.8519e+00  0.0000e+00 4  9.0015e-09  5.7220e-01  7.5676e-09  4.8742e-09
 1.8248e+00  0.0000e+00 4  7.7806e-09  3.0454e-01  7.4226e-09  2.3331e-09
 1.7986e+00  0.0000e+00 4  6.6172e-09  2.7731e-02  6.6147e-09  1.8348e-10
 1.7730e+00  0.0000e+00 4  5.5336e-09 -2.6293e-01  5.3434e-09 -1.4383e-09
 1.7483e+00  0.0000e+00 4  4.5518e-09 -5.7369e-01  3.8231e-09 -2.4704e-09
 1.7241e+00  0.0000e+00 4  3.6931e-09 -9.1272e-01  2.2587e-09 -2.9218e-09
 1.7007e+00  0.0000e+00 4  2.9718e-09 -1.2872e+00  8.3161e-10 -2.8531e-09
 1.6779e+00  0.0000e+00 4  2.4121e-09 -1.7070e+00 -3.2762e-10 -2.3898e-09
 1.6556e+00  0.0000e+00 4  2.0230e-09 -2.1702e+00 -1.1413e-09 -1.6703e-09
 5.0000e+01  0.0000e+00 5  0.0000e+00  0.0000e+00  0.0000e+00  0.0000e+00
 3.5714e+01  0.0000e+00 5  0.0000e+00  0.0000e+00  0.0000e+00  0.0000e+00
 2.7778e+01  0.0000e+00 5  3.8991e-04 -2.1081e+00 -1.9955e-04 -3.3497e-04
 2.2727e+01  0.0000e+00 5  1.2674e-03 -2.3551e+00 -8.9527e-04 -8.9716e-04
 1.9231e+01  0.0000e+00 5  1.6242e-03 -2.7400e+00 -1.4950e-03 -6.3483e-04
 1.6667e+01  0.0000e+00 5  1.7929e-03  3.1064e+00 -1.7918e-03  6.3017e-05
 1.4706e+01  0.0000e+00 5  1.6959e-03  2.7274e+00 -1.5525e-03  6.8256e-04
 1.3158e+01  0.0000e+00 5  1.5012e-03  2.4552e+00 -1.1612e-03  9.5130e-04
 1.1905e+01  0.0000e+00 5  1.3171e-03  2.2703e+00 -8.4803e-04  1.0077e-03
 1.0870e+01  0.0000e+00 5  1.1693e-03  2.1431e+00 -6.3328e-04  9.8298e-04
 1.0000e+01  0.0000e+00 5  1.0519e-03  2.0523e+00 -4.8716e-04  9.3231e-04
 9.2593e+00  0.0000e+00 5  9.5223e-04  1.9870e+00 -3.8497e-04  8.7095e-04
 8.6207e+00  0.0000e+00 5  8.6045e-04  1.9407e+00 -3.1105e-04  8.0226e-04
 8.0645e+00  0.0000e+00 5  7.7220e-04  1.9066e+00 -2.5449e-04  7.2906e-04
 7.5758e+00  0.0000e+00 5  6.8718e-04  1.8731e+00 -2.0457e-04  6.5602e-04
 7.1429e+00  0.0000e+00 5  6.0700e-04  1.8358e+00 -1.5896e-04  5.8582e-04
 6.7568e+00  0.0000e+00 5  5.3220e-04  1.7973e+00 -1.1952e-04  5.1861e-04
 6.4103e+00  0.0000e+00 5  4.6344e-04  1.7539e+00 -8.4387e-05  4.5569e-04
 6.0976e+00  0.0000e+00 5  4.0140e-04  1.7028e+00 -5.2848e-05  3.9791e-04
 5.8140e+00  0.0000e+00 5  3.4643e-04  1.6423e+00 -2.4760e-05  3.4555e-04
 5.5556e+00  0.0000e+00 5  2.9848e-04  1.5715e+00 -2.0829e-07  2.9848e-04
 5.3191e+00  0.0000e+00 5  2.5722e-04  1.4904e+00  2.0646e-05  2.5639e-04
 5.1020e+00  0.0000e+00 5  2.2193e-04  1.3993e+00  3.7884e-05  2.1868e-04
 4.9020e+00  0.0000e+00 5  1.9189e-04  1.2984e+00  5.1623e-05  1.8482e-04
 4.7170e+00  0.0000e+00 5  1.6639e-04  1.1886e+00  6.2062e-05  1.5438e-04
 4.5455e+00  0.0000e+00 5  1.4474e-04  1.0703e+00  6.9453e-05  1.2699e-04
 4.3860e+00  0.0000e+00 5  1.2637e-04  9.4492e-01  7.4029e-05  1.0242e-04
 4.2373e+00  0.0000e+00 5  1.1072e-04  8.1248e-01  7.6142e-05  8.0382e-05
 4.0984e+00  0.0000e+00 5  9.7351e-05  6.7361e-01  7.6088e-05  6.0729e-05
 3.9683e+00  0.0000e+00 5  8.5893e-05  5.2884e-01  7.4160e-05  4.3336e-05
 3.8462e+00  0.0000e+00 5  7.6033e-05  3.7868e-01  7.0646e-05  2.8109e-05
 3.7313e+00  0.0000e+00 5  6.7498e-05  2.2424e-01  6.5808e-05  1.5009e-05
 3.6232e+00  0.0000e+00 5  6.0079e-05  6.5328e-02  5.9951e-05  3.9221e-06
 3.5211e+00  0.0000e+00 5  5.3597e-05 -9.7710e-02  5.3341e-05 -5.2286e-06
 3.4247e+00  0.0000e+00 5  4.7902e-05 -2.6458e-01  4.6235e-05 -1.2527e-05
 3.3333e+00  0.0000e+00 5  4.2870e-05 -4.3506e-01  3.8877e-05 -1.8068e-05
 3.2468e+00  0.0000e+00 5  3.8386e-05 -6.0833e-01  3.1500e-05 -2.1937e-05
 3.1646e+00  0.0000e+00 5  3.4378e-05 -7.8500e-01  2.4319e-05 -2.4300e-05
 3.0864e+00  0.0000e+00 5  3.0779e-05 -9.6513e-01  1.7523e-05 -2.5304e-05
 3.0120e+00  0.0000e+00 5  2.7531e-05 -1.1489e+00  1.1274e-05 -2.5117e-05
 2.9412e+00  0.0000e+00 5  2.4591e-05 -1.3365e+00  5.7085e-06 -2.3919e-05
 2.8736e+00  0.0000e+00 5  2.1910e-05 -1.5277e+00  9.4451e-07 -2.1890e-05
 2.8090e+00  0.0000e+00 5  1.9472e-05 -1.7236e+00 -2.9640e-06 -1.9245e-05
 2.7473e+00  0.0000e+00 5  1.7255e-05 -1.9250e+00 -5.9848e-06 -1.6184e-05
 2.6882e+00  0.0000e+00 5  1.5241e-05 -2.1327e+00 -8.1206e-06 -1.2898e-05
 2.6316e+00  0.0000e+00 5  1.3419e-05 -2.3477e+00 -9.4076e-06 -9.5685e-06
 2.5773e+00  0.0000e+00 5  1.1768e-05 -2.5702e+00 -9.8988e-06 -6.3641e-06
 2.5253e+00  0.0000e+00 5  1.0292e-05 -2.8024e+00 -9.7054e-06 -3.4245e-06
 2.4752e+00  0.0000e+00 5  8.9843e-06 -3.0456e+00 -8.9429e-06 -8.6115e-07
 2.4272e+00  0.0000e+00 5  7.8406e-06  2.9821e+00 -7.7411e-06  1.2450e-06
 2.3810e+00  0.0000e+00 5  6.8557e-06  2.7135e+00 -6.2371e-06  2.8459e-06
 2.3364e+00  0.0000e+00 5  6.0164e-06  2.4329e+00 -4.5677e-06  3.9158e-06
 2.2936e+00  0.0000e+00 5  5.3208e-06  2.1401e+00 -2.8680e-06  4.4817e-06
 2.2523e+00  0.0000e+00 5  4.7563e-06  1.8376e+00 -1.2538e-06  4.5881e-06
 2.2124e+00  0.0000e+00 5  4.3058e-06  1.5292e+00  1.7910e-07  4.3020e-06
 2.1739e+00  0.0000e+00 5  3.9483e-06  1.2196e+00  1.3583e-06  3.7073e-06
 2.1368e+00  0.0000e+00 5  3.6552e-06  9.1409e-01  2.2315e-06  2.8949e-06
 2.1008e+00  0.0000e+00 5  3.4104e-06  6.1485e-01  2.7858e-06  1.9672e-06
 2.0661e+00  0.0000e+00 5  3.1944e-06  3.2369e-01  3.0285e-06  1.0160e-06
 2.0325e+00  0.0000e+00 5  2.9919e-06  4.0938e-02  2.9894e-06  1.2245e-07
 2.0000e+00  0.0000e+00 5  2.7921e-06 -2.3414e-01  2.7160e-06 -6.4779e-07
 1.9685e+00  0.0000e+00 5  2.5850e-06 -5.0210e-01  2.2659e-06 -1.2441e-06
 1.9380e+00  0.0000e+00 5  2.3719e-06 -7.6568e-01  1.7100e-06 -1.6438e-06
 1.9084e+00  0.0000e+00 5  2.1530e-06 -1.0269e+00  1.1140e-06 -1.8423e-06
 1.8797e+00  0.0000e+00 5  1.9299e-06 -1.2882e+00  5.3819e-07 -1.8534e-06
 1.8519e+00  0.0000e+00 5  1.7061e-06 -1.5520e+00  3.2070e-08 -1.7058e-06
 1.8248e+00  0.0000e+00 5  1.4834e-06 -1.8200e+00 -3.6589e-07 -1.4376e-06
 1.7986e+00  0.0000e+00 5  1.2689e-06 -2.0971e+00 -6.3739e-07 -1.0972e-06
 1.7730e+00  0.0000e+00 5  1.0671e-06 -2.3879e+00 -7.7808e-07 -7.3027e-07
 1.7483e+00  0.0000e+00 5  8.8260e-07 -2.6987e+00 -7.9745e-07 -3.7823e-07
 1.7241e+00  0.0000e+00 5  7.1996e-07 -3.0378e+00 -7.1609e-07 -7.4604e-08
 1.7007e+00  0.0000e+00 5  5.8243e-07  2.8708e+00 -5.6121e-07  1.5579e-07
 1.6779e+00  0.0000e+00 5  4.7529e-07  2.4508e+00 -3.6632e-07  3.0284e-07
 1.6556e+00  0.0000e+00 5  4.0084e-07  1.9875e+00 -1.6224e-07  3.6654e-07
 5.0000e+01  0.0000e+00 6  0.0000e+00  0.0000e+00  0.0000e+00  0.0000e+00
 3.5714e+01  0.0000e+00 6  0.0000e+00  0.0000e+00  0.0000e+00  0.0000e+00
 2.7778e+01  0.0000e+00 6  1.7837e-03 -6.7652e-01  1.3908e-03 -1.1167e-03
 2.2727e+01  0.0000e+00 6  7.0851e-03 -9.8920e-01  3.8922e-03 -5.9202e-03
 1.9231e+01  0.0000e+00 6  1.1341e-02 -1.4601e+00  1.2529e-03 -1.1272e-02
 1.6667e+01  0.0000e+00 6  1.5381e-02 -1.9994e+00 -6.3930e-03 -1.3990e-02
 1.4706e+01  0.0000e+00 6  1.7568e-02 -2.5111e+00 -1.4190e-02 -1.0358e-02
 1.3158e+01  0.0000e+00 6  1.8346e-02 -2.9502e+00 -1.8011e-02 -3.4900e-03
 1.1905e+01  0.0000e+00 6  1.8240e-02  2.9413e+00 -1.7875e-02  3.6292e-03
 1.0870e+01  0.0000e+00 6  1.7206e-02  2.5764e+00 -1.4531e-02  9.2151e-03
 1.0000e+01  0.0000e+00 6  1.5179e-02  2.2452e+00 -9.4785e-03  1.1856e-02
 9.2593e+00  0.0000e+00 6  1.2514e-02  1.9731e+00 -4.8997e-03  1.1515e-02
 8.6207e+00  0.0000e+00 6  9.8474e-03  1.7684e+00 -1.9332e-03  9.6558e-03
 8.0645e+00  0.0000e+00 6  7.5336e-03  1.6230e+00 -3.9346e-04  7.5234e-03
 7.5758e+00  0.0000e+00 6  5.6774e-03  1.5163e+00  3.0914e-04  5.6690e-03
 7.1429e+00  0.0000e+00 6  4.2510e-03  1.4343e+00  5.7845e-04  4.2115e-03
 6.7568e+00  0.0000e+00 6  3.1780e-03  1.3725e+00  6.2620e-04  3.1157e-03
 6.4103e+00  0.0000e+00 6  2.3740e-03  1.3200e+00  5.8908e-04  2.2997e-03
 6.0976e+00  0.0000e+00 6  1.7755e-03  1.2702e+00  5.2570e-04  1.6959e-03
 5.8140e+00  0.0000e+00 6  1.3322e-03  1.2183e+00  4.5993e-04  1.2503e-03
 5.5556e+00  0.0000e+00 6  1.0045e-03  1.1613e+00  3.9995e-04  9.2149e-04
 5.3191e+00  0.0000e+00 6  7.6357e-04  1.0981e+00  3.4762e-04  6.7985e-04
 5.1020e+00  0.0000e+00 6  5.8473e-04  1.0275e+00  3.0228e-04  5.0054e-04
 4.9020e+00  0.0000e+00 6  4.5142e-04  9.4916e-01  2.6289e-04  3.6697e-04
 4.7170e+00  0.0000e+00 6  3.5147e-04  8.6316e-01  2.2847e-04  2.6708e-04
 4.5455e+00  0.0000e+00 6  2.7602e-04  7.6976e-01  1.9820e-04  1.9210e-04
 4.3860e+00  0.0000e+00 6  2.1884e-04  6.7010e-01  1.7152e-04  1.3592e-04
 4.2373e+00  0.0000e+00 6  1.7494e-04  5.6384e-01  1.4786e-04  9.3497e-05
 4.0984e+00  0.0000e+00 6  1.4096e-04  4.5139e-01  1.2685e-04  6.1491e-05
 3.9683e+00  0.0000e+00 6  1.1445e-04  3.3313e-01  1.0816e-04  3.7425e-05
 3.8462e+00  0.0000e+00 6  9.3589e-05  2.0944e-01  9.1544e-05  1.9459e-05
 3.7313e+00  0.0000e+00 6  7.7084e-05  8.1598e-02  7.6828e-05  6.2830e-06
 3.6232e+00  0.0000e+00 6  6.3873e-05 -5.0929e-02  6.3790e-05 -3.2516e-06
 3.5211e+00  0.0000e+00 6  5.3215e-05 -1.8785e-01  5.2279e-05 -9.9380e-06
 3.4247e+00  0.0000e+00 6  4.4551e-05 -3.2894e-01  4.2163e-05 -1.4392e-05
 3.3333e+00  0.0000e+00 6  3.7454e-05 -4.7402e-01  3.3325e-05 -1.7096e-05
 3.2468e+00  0.0000e+00 6  3.1604e-05 -6.2205e-01  2.5684e-05 -1.8416e-05
 3.1646e+00  0.0000e+00 6  2.6739e-05 -7.7393e-01  1.9123e-05 -1.8690e-05
 3.0864e+00  0.0000e+00 6  2.2669e-05 -9.2972e-01  1.3557e-05 -1.8168e-05
 3.0120e+00  0.0000e+00 6  1.9244e-05 -1.0896e+00  8.9067e-06 -1.7058e-05
 2.9412e+00  0.0000e+00 6  1.6346e-05 -1.2539e+00  5.0942e-06 -1.5532e-05
 2.8736e+00  0.0000e+00 6  1.3884e-05 -1.4219e+00  2.0591e-06 -1.3730e-05
 2.8090e+00  0.0000e+00 6  1.1784e-05 -1.5953e+00 -2.8847e-07 -1.1780e-05
 2.7473e+00  0.0000e+00 6  9.9896e-06 -1.7746e+00 -2.0217e-06 -9.7829e-06
 2.6882e+00  0.0000e+00 6  8.4553e-06 -1.9607e+00 -3.2139e-06 -7.8206e-06
 2.6316e+00  0.0000e+00 6  7.1439e-06 -2.1546e+00 -3.9380e-06 -5.9605e-06
 2.5773e+00  0.0000e+00 6  6.0239e-06 -2.3564e+00 -4.2603e-06 -4.2588e-06
 2.5253e+00  0.0000e+00 6  5.0721e-06 -2.5683e+00 -4.2611e-06 -2.7512e-06
 2.4752e+00  0.0000e+00 6  4.2683e-06 -2.7917e+00 -4.0096e-06 -1.4633e-06
 2.4272e+00  0.0000e+00 6  3.5951e-06 -3.0278e+00 -3.5719e-06 -4.0812e-07
 2.3810e+00  0.0000e+00 6  3.0374e-06  3.0056e+00 -3.0093e-06  4.1179e-07
 2.3364e+00  0.0000e+00 6  2.5793e-06  2.7436e+00 -2.3776e-06  9.9974e-07
 2.2936e+00  0.0000e+00 6  2.2094e-06  2.4689e+00 -1.7281e-06  1.3767e-06
 2.2523e+00  0.0000e+00 6  1.9147e-06  2.1841e+00 -1.1020e-06  1.5658e-06
 2.2124e+00  0.0000e+00 6  1.6819e-06  1.8930e+00 -5.3253e-07  1.5954e-06
 2.1739e+00  0.0000e+00 6  1.4977e-06  1.6001e+00 -4.3927e-08  1.4971e-06
 2.1368e+00  0.0000e+00 6  1.3480e-06  1.3112e+00  3.4601e-07  1.3028e-06
 2.1008e+00  0.0000e+00 6  1.2236e-06  1.0281e+00  6.3195e-07  1.0478e-06
 2.0661e+00  0.0000e+00 6  1.1158e-06  7.5256e-01  8.1451e-07  7.6269e-07
 2.0325e+00  0.0000e+00 6  1.0182e-06  4.8502e-01  9.0079e-07  4.7473e-07
 2.0000e+00  0.0000e+00 6  9.2643e-07  2.2474e-01  9.0313e-07  2.0646e-07
 1.9685e+00  0.0000e+00 6  8.3694e-07 -2.8623e-02  8.3659e-07 -2.3952e-08
 1.9380e+00  0.0000e+00 6  7.4983e-07 -2.7799e-01  7.2104e-07 -2.0577e-07
 1.9084e+00  0.0000e+00 6  6.6492e-07 -5.2542e-01  5.7523e-07 -3.3351e-07
 1.8797e+00  0.0000e+00 6  5.8262e-07 -7.7320e-01  4.1697e-07 -4.0692e-07
 1.8519e+00  0.0000e+00 6  5.0371e-07 -1.0239e+00  2.6195e-07 -4.3024e-07
 1.8248e+00  0.0000e+00 6  4.2866e-07 -1.2790e+00  1.2331e-07 -4.1054e-07
 1.7986e+00  0.0000e+00 6  3.5905e-07 -1.5435e+00  9.8120e-09 -3.5891e-07
 1.7730e+00  0.0000e+00 6  2.9580e-07 -1.8220e+00 -7.3529e-08 -2.8652e-07
 1.7483e+00  0.0000e+00 6  2.3979e-07 -2.1209e+00 -1.2535e-07 -2.0441e-07
 1.7241e+00  0.0000e+00 6  1.9178e-07 -2.4483e+00 -1.4751e-07 -1.2256e-07
 1.7007e+00  0.0000e+00 6  1.5223e-07 -2.8114e+00 -1.4401e-07 -4.9355e-08
 1.6779e+00  0.0000e+00 6  1.2194e-07  3.0630e+00 -1.2157e-07  9.5735e-09
 1.6556e+00  0.0000e+00 6  1.0099e-07  2.6108e+00 -8.7092e-08  5.1121e-08
