 5.0000e+01  0.0000e+00 1  0.0000e+00  0.0000e+00  0.0000e+00  0.0000e+00
 3.5714e+01  0.0000e+00 1  0.0000e+00  0.0000e+00  0.0000e+00  0.0000e+00
 2.7778e+01  0.0000e+00 1  0.0000e+00  0.0000e+00  0.0000e+00  0.0000e+00
 2.2727e+01  0.0000e+00 1  0.0000e+00  0.0000e+00  0.0000e+00  0.0000e+00
 1.9231e+01  0.0000e+00 1  1.7865e+02 -2.7192e+00 -1.6295e+02 -7.3229e+01
 1.6667e+01  0.0000e+00 1  1.9521e+02 -2.7188e+00 -1.7802e+02 -8.0100e+01
 1.4706e+01  0.0000e+00 1  1.5954e+00 -2.2971e+00 -1.0596e+00 -1.1928e+00
 1.3158e+01  0.0000e+00 1  6.6419e-01 -1.7908e+00 -1.4494e-01 -6.4818e-01
 1.1905e+01  0.0000e+00 1  5.0687e-01 -1.7601e+00 -9.5366e-02 -4.9782e-01
 1.0870e+01  0.0000e+00 1  4.0526e-01 -1.7764e+00 -8.2721e-02 -3.9673e-01
 1.0000e+01  0.0000e+00 1  3.3248e-01 -1.8021e+00 -7.6228e-02 -3.2362e-01
 9.2593e+00  0.0000e+00 1  2.7658e-01 -1.8261e+00 -6.9847e-02 -2.6762e-01
 8.6207e+00  0.0000e+00 1  2.3136e-01 -1.8457e+00 -6.2810e-02 -2.2267e-01
 8.0645e+00  0.0000e+00 1  1.9456e-01 -1.8582e+00 -5.5155e-02 -1.8657e-01
 7.5758e+00  0.0000e+00 1  1.6277e-01 -1.8669e+00 -4.7497e-02 -1.5568e-01
 7.1429e+00  0.0000e+00 1  1.3511e-01 -1.8755e+00 -4.0533e-02 -1.2888e-01
 6.7568e+00  0.0000e+00 1  1.1084e-01 -1.8918e+00 -3.4970e-02 -1.0518e-01
 6.4103e+00  0.0000e+00 1  8.9443e-02 -1.9165e+00 -3.0305e-02 -8.4153e-02
 6.0976e+00  0.0000e+00 1  7.0944e-02 -1.9427e+00 -2.5781e-02 -6.6094e-02
 5.8140e+00  0.0000e+00 1  5.4597e-02 -1.9674e+00 -2.1090e-02 -5.0360e-02
 5.5556e+00  0.0000e+00 1  4.0289e-02 -1.9733e+00 -1.5783e-02 -3.7069e-02
 5.3191e+00  0.0000e+00 1  2.7976e-02 -1.9016e+00 -9.0876e-03 -2.6459e-02
 5.1020e+00  0.0000e+00 1  1.9281e-02 -1.5801e+00 -1.8000e-04 -1.9280e-02
 4.9020e+00  0.0000e+00 1  2.3946e-02 -1.0613e+00  1.1680e-02 -2.0905e-02
 4.7170e+00  0.0000e+00 1  4.0355e-02 -1.1661e+00  1.5890e-02 -3.7095e-02
 4.5455e+00  0.0000e+00 1  4.8741e-02 -1.7129e+00 -6.9028e-03 -4.8249e-02
 4.3860e+00  0.0000e+00 1  4.1242e-02 -2.1903e+00 -2.3948e-02 -3.3577e-02
 4.2373e+00  0.0000e+00 1  3.1872e-02 -2.5332e+00 -2.6154e-02 -1.8216e-02
 4.0984e+00  0.0000e+00 1  2.4754e-02 -2.7715e+00 -2.3078e-02 -8.9524e-03
 3.9683e+00  0.0000e+00 1  1.9557e-02 -2.9862e+00 -1.9321e-02 -3.0277e-03
 3.8462e+00  0.0000e+00 1  1.5664e-02  3.1015e+00 -1.5652e-02  6.2852e-04
 3.7313e+00  0.0000e+00 1  1.2646e-02  2.9145e+00 -1.2322e-02  2.8469e-03
 3.6232e+00  0.0000e+00 1  1.0227e-02  2.7269e+00 -9.3601e-03  4.1200e-03
 3.5211e+00  0.0000e+00 1  8.2571e-03  2.5493e+00 -6.8504e-03  4.6098e-03
 3.4247e+00  0.0000e+00 1  6.6141e-03  2.3679e+00 -4.7314e-03  4.6216e-03
 3.3333e+00  0.0000e+00 1  5.2274e-03  2.1889e+00 -3.0291e-03  4.2603e-03
 3.2468e+00  0.0000e+00 1  4.0477e-03  2.0111e+00 -1.7253e-03  3.6615e-03
 5.0000e+01  0.0000e+00 2  0.0000e+00  0.0000e+00  0.0000e+00  0.0000e+00
 3.5714e+01  0.0000e+00 2  0.0000e+00  0.0000e+00  0.0000e+00  0.0000e+00
 2.7778e+01  0.0000e+00 2  0.0000e+00  0.0000e+00  0.0000e+00  0.0000e+00
 2.2727e+01  0.0000e+00 2  0.0000e+00  0.0000e+00  0.0000e+00  0.0000e+00
 1.9231e+01  0.0000e+00 2  0.0000e+00  0.0000e+00  0.0000e+00  0.0000e+00
 1.6667e+01  0.0000e+00 2  0.0000e+00  0.0000e+00  0.0000e+00  0.0000e+00
 1.4706e+01  0.0000e+00 2  0.0000e+00  0.0000e+00  0.0000e+00  0.0000e+00
 1.3158e+01  0.0000e+00 2  0.0000e+00  0.0000e+00  0.0000e+00  0.0000e+00
 1.1905e+01  0.0000e+00 2  0.0000e+00  0.0000e+00  0.0000e+00  0.0000e+00
 1.0870e+01  0.0000e+00 2  0.0000e+00  0.0000e+00  0.0000e+00  0.0000e+00
 1.0000e+01  0.0000e+00 2  0.0000e+00  0.0000e+00  0.0000e+00  0.0000e+00
 9.2593e+00  0.0000e+00 2  0.0000e+00  0.0000e+00  0.0000e+00  0.0000e+00
 8.6207e+00  0.0000e+00 2  0.0000e+00  0.0000e+00  0.0000e+00  0.0000e+00
 8.0645e+00  0.0000e+00 2  0.0000e+00  0.0000e+00  0.0000e+00  0.0000e+00
 7.5758e+00  0.0000e+00 2  0.0000e+00  0.0000e+00  0.0000e+00  0.0000e+00
 7.1429e+00  0.0000e+00 2  0.0000e+00  0.0000e+00  0.0000e+00  0.0000e+00
 6.7568e+00  0.0000e+00 2  0.0000e+00  0.0000e+00  0.0000e+00  0.0000e+00
 6.4103e+00  0.0000e+00 2  0.0000e+00  0.0000e+00  0.0000e+00  0.0000e+00
 6.0976e+00  0.0000e+00 2  0.0000e+00  0.0000e+00  0.0000e+00  0.0000e+00
 5.8140e+00  0.0000e+00 2  0.0000e+00  0.0000e+00  0.0000e+00  0.0000e+00
 5.5556e+00  0.0000e+00 2  0.0000e+00  0.0000e+00  0.0000e+00  0.0000e+00
 5.3191e+00  0.0000e+00 2  0.0000e+00  0.0000e+00  0.0000e+00  0.0000e+00
 5.1020e+00  0.0000e+00 2  0.0000e+00  0.0000e+00  0.0000e+00  0.0000e+00
 4.9020e+00  0.0000e+00 2  0.0000e+00  0.0000e+00  0.0000e+00  0.0000e+00
 4.7170e+00  0.0000e+00 2  0.0000e+00  0.0000e+00  0.0000e+00  0.0000e+00
 4.5455e+00  0.0000e+00 2  0.0000e+00  0.0000e+00  0.0000e+00  0.0000e+00
 4.3860e+00  0.0000e+00 2  0.0000e+00  0.0000e+00  0.0000e+00  0.0000e+00
 4.2373e+00  0.0000e+00 2  0.0000e+00  0.0000e+00  0.0000e+00  0.0000e+00
 4.0984e+00  0.0000e+00 2  0.0000e+00  0.0000e+00  0.0000e+00  0.0000e+00
 3.9683e+00  0.0000e+00 2  0.0000e+00  0.0000e+00  0.0000e+00  0.0000e+00
 3.8462e+00  0.0000e+00 2  0.0000e+00  0.0000e+00  0.0000e+00  0.0000e+00
 3.7313e+00  0.0000e+00 2  0.0000e+00  0.0000e+00  0.0000e+00  0.0000e+00
 3.6232e+00  0.0000e+00 2  0.0000e+00  0.0000e+00  0.0000e+00  0.0000e+00
 3.5211e+00  0.0000e+00 2  0.0000e+00  0.0000e+00  0.0000e+00  0.0000e+00
 3.4247e+00  0.0000e+00 2  0.0000e+00  0.0000e+00  0.0000e+00  0.0000e+00
 3.3333e+00  0.0000e+00 2  0.0000e+00  0.0000e+00  0.0000e+00  0.0000e+00
 3.2468e+00  0.0000e+00 2  0.0000e+00  0.0000e+00  0.0000e+00  0.0000e+00
 5.0000e+01  0.0000e+00 3  0.0000e+00  0.0000e+00  0.0000e+00  0.0000e+00
 3.5714e+01  0.0000e+00 3  0.0000e+00  0.0000e+00  0.0000e+00  0.0000e+00
 2.7778e+01  0.0000e+00 3  0.0000e+00  0.0000e+00  0.0000e+00  0.0000e+00
 2.2727e+01  0.0000e+00 3  0.0000e+00  0.0000e+00  0.0000e+00  0.0000e+00
 1.9231e+01  0.0000e+00 3  2.8686e+00  4.4291e-01  2.5918e+00  1.2294e+00
 1.6667e+01  0.0000e+00 3  3.0913e+00  4.3387e-01  2.8049e+00  1.2995e+00
 1.4706e+01  0.0000e+00 3  2.0012e-02  1.4828e-01  1.9792e-02  2.9565e-03
 1.3158e+01  0.0000e+00 3  2.3215e-03 -7.0573e-01  1.7670e-03 -1.5057e-03
 1.1905e+01  0.0000e+00 3  1.1187e-03 -1.3095e+00  2.8905e-04 -1.0807e-03
 1.0870e+01  0.0000e+00 3  4.4013e-04 -1.6241e+00 -2.3469e-05 -4.3950e-04
 1.0000e+01  0.0000e+00 3  2.0672e-04  1.5555e+00  3.1716e-06  2.0670e-04
 9.2593e+00  0.0000e+00 3  8.2772e-04  1.3931e+00  1.4634e-04  8.1468e-04
 8.6207e+00  0.0000e+00 3  1.4221e-03  1.3283e+00  3.4147e-04  1.3804e-03
 8.0645e+00  0.0000e+00 3  1.9754e-03  1.2819e+00  5.6280e-04  1.8936e-03
 7.5758e+00  0.0000e+00 3  2.4879e-03  1.2459e+00  7.9416e-04  2.3577e-03
 7.1429e+00  0.0000e+00 3  2.9523e-03  1.2101e+00  1.0418e-03  2.7624e-03
 6.7568e+00  0.0000e+00 3  3.3745e-03  1.1636e+00  1.3366e-03  3.0985e-03
 6.4103e+00  0.0000e+00 3  3.7735e-03  1.1048e+00  1.6956e-03  3.3710e-03
 6.0976e+00  0.0000e+00 3  4.1677e-03  1.0290e+00  2.1491e-03  3.5708e-03
 5.8140e+00  0.0000e+00 3  4.5967e-03  9.3485e-01  2.7301e-03  3.6981e-03
 5.5556e+00  0.0000e+00 3  5.1198e-03  8.1215e-01  3.5221e-03  3.7158e-03
 5.3191e+00  0.0000e+00 3  5.8398e-03  6.4560e-01  4.6645e-03  3.5137e-03
 5.1020e+00  0.0000e+00 3  6.9144e-03  4.2284e-01  6.3054e-03  2.8373e-03
 4.9020e+00  0.0000e+00 3  8.5274e-03  5.1066e-02  8.5163e-03  4.3527e-04
 4.7170e+00  0.0000e+00 3  1.0034e-02 -5.1821e-01  8.7166e-03 -4.9701e-03
 4.5455e+00  0.0000e+00 3  8.9248e-03 -1.2655e+00  2.6823e-03 -8.5122e-03
 4.3860e+00  0.0000e+00 3  6.1069e-03 -1.8397e+00 -1.6225e-03 -5.8874e-03
 4.2373e+00  0.0000e+00 3  3.9910e-03 -2.2382e+00 -2.4703e-03 -3.1347e-03
 4.0984e+00  0.0000e+00 3  2.7537e-03 -2.4873e+00 -2.1850e-03 -1.6760e-03
 3.9683e+00  0.0000e+00 3  1.9731e-03 -2.6964e+00 -1.7808e-03 -8.4966e-04
 3.8462e+00  0.0000e+00 3  1.4649e-03 -2.8642e+00 -1.4089e-03 -4.0113e-04
 3.7313e+00  0.0000e+00 3  1.1142e-03 -3.0032e+00 -1.1036e-03 -1.5367e-04
 3.6232e+00  0.0000e+00 3  8.5823e-04 -3.1205e+00 -8.5804e-04 -1.8063e-05
 3.5211e+00  0.0000e+00 3  6.7410e-04  3.0804e+00 -6.7284e-04  4.1210e-05
 3.4247e+00  0.0000e+00 3  5.3447e-04  3.0241e+00 -5.3078e-04  6.2635e-05
 3.3333e+00  0.0000e+00 3  4.3198e-04  3.0022e+00 -4.2779e-04  6.0029e-05
 3.2468e+00  0.0000e+00 3  3.5887e-04  3.0121e+00 -3.5586e-04  4.6339e-05
 5.0000e+01  0.0000e+00 4  0.0000e+00  0.0000e+00  0.0000e+00  0.0000e+00
 3.5714e+01  0.0000e+00 4  0.0000e+00  0.0000e+00  0.0000e+00  0.0000e+00
 2.7778e+01  0.0000e+00 4  0.0000e+00  0.0000e+00  0.0000e+00  0.0000e+00
 2.2727e+01  0.0000e+00 4  0.0000e+00  0.0000e+00  0.0000e+00  0.0000e+00
 1.9231e+01  0.0000e+00 4  0.0000e+00  0.0000e+00  0.0000e+00  0.0000e+00
 1.6667e+01  0.0000e+00 4  0.0000e+00  0.0000e+00  0.0000e+00  0.0000e+00
 1.4706e+01  0.0000e+00 4  0.0000e+00  0.0000e+00  0.0000e+00  0.0000e+00
 1.3158e+01  0.0000e+00 4  0.0000e+00 -0.0000e+00  0.0000e+00 -0.0000e+00
 1.1905e+01  0.0000e+00 4  0.0000e+00  0.0000e+00  0.0000e+00  0.0000e+00
 1.0870e+01  0.0000e+00 4  0.0000e+00  0.0000e+00  0.0000e+00  0.0000e+00
 1.0000e+01  0.0000e+00 4  0.0000e+00  0.0000e+00  0.0000e+00  0.0000e+00
 9.2593e+00  0.0000e+00 4  0.0000e+00  0.0000e+00  0.0000e+00  0.0000e+00
 8.6207e+00  0.0000e+00 4  0.0000e+00 -0.0000e+00  0.0000e+00 -0.0000e+00
 8.0645e+00  0.0000e+00 4  0.0000e+00  0.0000e+00  0.0000e+00  0.0000e+00
 7.5758e+00  0.0000e+00 4  0.0000e+00  0.0000e+00  0.0000e+00  0.0000e+00
 7.1429e+00  0.0000e+00 4  0.0000e+00  0.0000e+00  0.0000e+00  0.0000e+00
 6.7568e+00  0.0000e+00 4  0.0000e+00  0.0000e+00  0.0000e+00  0.0000e+00
 6.4103e+00  0.0000e+00 4  0.0000e+00 -0.0000e+00  0.0000e+00 -0.0000e+00
 6.0976e+00  0.0000e+00 4  0.0000e+00  0.0000e+00  0.0000e+00  0.0000e+00
 5.8140e+00  0.0000e+00 4  0.0000e+00  0.0000e+00  0.0000e+00  0.0000e+00
 5.5556e+00  0.0000e+00 4  0.0000e+00  0.0000e+00  0.0000e+00  0.0000e+00
 5.3191e+00  0.0000e+00 4  0.0000e+00  0.0000e+00  0.0000e+00  0.0000e+00
 5.1020e+00  0.0000e+00 4  0.0000e+00  0.0000e+00  0.0000e+00  0.0000e+00
 4.9020e+00  0.0000e+00 4  0.0000e+00  0.0000e+00  0.0000e+00  0.0000e+00
 4.7170e+00  0.0000e+00 4  0.0000e+00  0.0000e+00  0.0000e+00  0.0000e+00
 4.5455e+00  0.0000e+00 4  0.0000e+00  0.0000e+00  0.0000e+00  0.0000e+00
 4.3860e+00  0.0000e+00 4  0.0000e+00  0.0000e+00  0.0000e+00  0.0000e+00
 4.2373e+00  0.0000e+00 4  0.0000e+00  0.0000e+00  0.0000e+00  0.0000e+00
 4.0984e+00  0.0000e+00 4  0.0000e+00  0.0000e+00  0.0000e+00  0.0000e+00
 3.9683e+00  0.0000e+00 4  0.0000e+00  0.0000e+00  0.0000e+00  0.0000e+00
 3.8462e+00  0.0000e+00 4  0.0000e+00  0.0000e+00  0.0000e+00  0.0000e+00
 3.7313e+00  0.0000e+00 4  0.0000e+00  0.0000e+00  0.0000e+00  0.0000e+00
 3.6232e+00  0.0000e+00 4  0.0000e+00  0.0000e+00  0.0000e+00  0.0000e+00
 3.5211e+00  0.0000e+00 4  0.0000e+00  0.0000e+00  0.0000e+00  0.0000e+00
 3.4247e+00  0.0000e+00 4  0.0000e+00  0.0000e+00  0.0000e+00  0.0000e+00
 3.3333e+00  0.0000e+00 4  0.0000e+00  0.0000e+00  0.0000e+00  0.0000e+00
 3.2468e+00  0.0000e+00 4  0.0000e+00  0.0000e+00  0.0000e+00  0.0000e+00
 5.0000e+01  0.0000e+00 5  0.0000e+00  0.0000e+00  0.0000e+00  0.0000e+00
 3.5714e+01  0.0000e+00 5  0.0000e+00  0.0000e+00  0.0000e+00  0.0000e+00
 2.7778e+01  0.0000e+00 5  0.0000e+00  0.0000e+00  0.0000e+00  0.0000e+00
 2.2727e+01  0.0000e+00 5  0.0000e+00  0.0000e+00  0.0000e+00  0.0000e+00
 1.9231e+01  0.0000e+00 5  2.2617e-01  3.4357e-01  2.1295e-01  7.6185e-02
 1.6667e+01  0.0000e+00 5  2.5960e-01  3.3856e-01  2.4486e-01  8.6222e-02
 1.4706e+01  0.0000e+00 5  3.1041e-03  1.4732e-01  3.0705e-03  4.5566e-04
 1.3158e+01  0.0000e+00 5  3.6160e-04 -7.0557e-01  2.7526e-04 -2.3448e-04
 1.1905e+01  0.0000e+00 5  1.7433e-04 -1.3092e+00  4.5086e-05 -1.6840e-04
 1.0870e+01  0.0000e+00 5  6.8597e-05 -1.6234e+00 -3.6073e-06 -6.8502e-05
 1.0000e+01  0.0000e+00 5  3.2196e-05  1.5540e+00  5.4079e-07  3.2192e-05
 9.2593e+00  0.0000e+00 5  1.2897e-04  1.3926e+00  2.2857e-05  1.2693e-04
 8.6207e+00  0.0000e+00 5  2.2157e-04  1.3279e+00  5.3281e-05  2.1507e-04
 8.0645e+00  0.0000e+00 5  3.0778e-04  1.2815e+00  8.7799e-05  2.9499e-04
 7.5758e+00  0.0000e+00 5  3.8760e-04  1.2455e+00  1.2389e-04  3.6727e-04
 7.1429e+00  0.0000e+00 5  4.5993e-04  1.2096e+00  1.6252e-04  4.3026e-04
 6.7568e+00  0.0000e+00 5  5.2568e-04  1.1630e+00  2.0848e-04  4.8257e-04
 6.4103e+00  0.0000e+00 5  5.8778e-04  1.1042e+00  2.6443e-04  5.2494e-04
 6.0976e+00  0.0000e+00 5  6.4913e-04  1.0284e+00  3.3508e-04  5.5596e-04
 5.8140e+00  0.0000e+00 5  7.1586e-04  9.3419e-01  4.2556e-04  5.7563e-04
 5.5556e+00  0.0000e+00 5  7.9721e-04  8.1148e-01  5.4882e-04  5.7823e-04
 5.3191e+00  0.0000e+00 5  9.0913e-04  6.4497e-01  7.2650e-04  5.4655e-04
 5.1020e+00  0.0000e+00 5  1.0761e-03  4.2232e-01  9.8154e-04  4.4107e-04
 4.9020e+00  0.0000e+00 5  1.3266e-03  5.0993e-02  1.3249e-03  6.7619e-05
 4.7170e+00  0.0000e+00 5  1.5610e-03 -5.1741e-01  1.3566e-03 -7.7211e-04
 4.5455e+00  0.0000e+00 5  1.3898e-03 -1.2641e+00  4.1953e-04 -1.3249e-03
 4.3860e+00  0.0000e+00 5  9.5164e-04 -1.8387e+00 -2.5191e-04 -9.1769e-04
 4.2373e+00  0.0000e+00 5  6.2203e-04 -2.2377e+00 -3.8476e-04 -4.8875e-04
 4.0984e+00  0.0000e+00 5  4.2915e-04 -2.4870e+00 -3.4045e-04 -2.6128e-04
 3.9683e+00  0.0000e+00 5  3.0747e-04 -2.6963e+00 -2.7749e-04 -1.3243e-04
 3.8462e+00  0.0000e+00 5  2.2825e-04 -2.8642e+00 -2.1953e-04 -6.2507e-05
 3.7313e+00  0.0000e+00 5  1.7360e-04 -3.0033e+00 -1.7194e-04 -2.3938e-05
 3.6232e+00  0.0000e+00 5  1.3371e-04 -3.1206e+00 -1.3368e-04 -2.8064e-06
 3.5211e+00  0.0000e+00 5  1.0501e-04  3.0804e+00 -1.0482e-04  6.4269e-06
 3.4247e+00  0.0000e+00 5  8.3255e-05  3.0241e+00 -8.2680e-05  9.7623e-06
 3.3333e+00  0.0000e+00 5  6.7287e-05  3.0021e+00 -6.6633e-05  9.3539e-06
 3.2468e+00  0.0000e+00 5  5.5895e-05  3.0121e+00 -5.5427e-05  7.2193e-06
 5.0000e+01  0.0000e+00 6  0.0000e+00  0.0000e+00  0.0000e+00  0.0000e+00
 3.5714e+01  0.0000e+00 6  0.0000e+00  0.0000e+00  0.0000e+00  0.0000e+00
 2.7778e+01  0.0000e+00 6  0.0000e+00  0.0000e+00  0.0000e+00  0.0000e+00
 2.2727e+01  0.0000e+00 6  0.0000e+00  0.0000e+00  0.0000e+00  0.0000e+00
 1.9231e+01  0.0000e+00 6  0.0000e+00  0.0000e+00  0.0000e+00  0.0000e+00
 1.6667e+01  0.0000e+00 6  0.0000e+00  0.0000e+00  0.0000e+00  0.0000e+00
 1.4706e+01  0.0000e+00 6  0.0000e+00  0.0000e+00  0.0000e+00  0.0000e+00
 1.3158e+01  0.0000e+00 6  0.0000e+00  0.0000e+00  0.0000e+00  0.0000e+00
 1.1905e+01  0.0000e+00 6  0.0000e+00  0.0000e+00  0.0000e+00  0.0000e+00
 1.0870e+01  0.0000e+00 6  0.0000e+00  0.0000e+00  0.0000e+00  0.0000e+00
 1.0000e+01  0.0000e+00 6  0.0000e+00  0.0000e+00  0.0000e+00  0.0000e+00
 9.2593e+00  0.0000e+00 6  0.0000e+00  0.0000e+00  0.0000e+00  0.0000e+00
 8.6207e+00  0.0000e+00 6  0.0000e+00  0.0000e+00  0.0000e+00  0.0000e+00
 8.0645e+00  0.0000e+00 6  0.0000e+00  0.0000e+00  0.0000e+00  0.0000e+00
 7.5758e+00  0.0000e+00 6  0.0000e+00  0.0000e+00  0.0000e+00  0.0000e+00
 7.1429e+00  0.0000e+00 6  0.0000e+00  0.0000e+00  0.0000e+00  0.0000e+00
 6.7568e+00  0.0000e+00 6  0.0000e+00  0.0000e+00  0.0000e+00  0.0000e+00
 6.4103e+00  0.0000e+00 6  0.0000e+00  0.0000e+00  0.0000e+00  0.0000e+00
 6.0976e+00  0.0000e+00 6  0.0000e+00  0.0000e+00  0.0000e+00  0.0000e+00
 5.8140e+00  0.0000e+00 6  0.0000e+00  0.0000e+00  0.0000e+00  0.0000e+00
 5.5556e+00  0.0000e+00 6  0.0000e+00  0.0000e+00  0.0000e+00  0.0000e+00
 5.3191e+00  0.0000e+00 6  0.0000e+00  0.0000e+00  0.0000e+00  0.0000e+00
 5.1020e+00  0.0000e+00 6  0.0000e+00  0.0000e+00  0.0000e+00  0.0000e+00
 4.9020e+00  0.0000e+00 6  0.0000e+00  0.0000e+00  0.0000e+00  0.0000e+00
 4.7170e+00  0.0000e+00 6  0.0000e+00  0.0000e+00  0.0000e+00  0.0000e+00
 4.5455e+00  0.0000e+00 6  0.0000e+00  0.0000e+00  0.0000e+00  0.0000e+00
 4.3860e+00  0.0000e+00 6  0.0000e+00  0.0000e+00  0.0000e+00  0.0000e+00
 4.2373e+00  0.0000e+00 6  0.0000e+00  0.0000e+00  0.0000e+00  0.0000e+00
 4.0984e+00  0.0000e+00 6  0.0000e+00  0.0000e+00  0.0000e+00  0.0000e+00
 3.9683e+00  0.0000e+00 6  0.0000e+00  0.0000e+00  0.0000e+00  0.0000e+00
 3.8462e+00  0.0000e+00 6  0.0000e+00  0.0000e+00  0.0000e+00  0.0000e+00
 3.7313e+00  0.0000e+00 6  0.0000e+00  0.0000e+00  0.0000e+00  0.0000e+00
 3.6232e+00  0.0000e+00 6  0.0000e+00  0.0000e+00  0.0000e+00  0.0000e+00
 3.5211e+00  0.0000e+00 6  0.0000e+00  0.0000e+00  0.0000e+00  0.0000e+00
 3.4247e+00  0.0000e+00 6  0.0000e+00  0.0000e+00  0.0000e+00  0.0000e+00
 3.3333e+00  0.0000e+00 6  0.0000e+00  0.0000e+00  0.0000e+00  0.0000e+00
 3.2468e+00  0.0000e+00 6  0.0000e+00  0.0000e+00  0.0000e+00  0.0000e+00
