 5.0000e+01  0.0000e+00 1  0.0000e+00  0.0000e+00  0.0000e+00  0.0000e+00
 4.0000e+01  0.0000e+00 1  0.0000e+00  0.0000e+00  0.0000e+00  0.0000e+00
 3.3333e+01  0.0000e+00 1  0.0000e+00  0.0000e+00  0.0000e+00  0.0000e+00
 2.8571e+01  0.0000e+00 1  0.0000e+00  0.0000e+00  0.0000e+00  0.0000e+00
 2.5000e+01  0.0000e+00 1  9.6761e-01  1.1725e+00  3.7526e-01  8.9188e-01
 2.2222e+01  0.0000e+00 1  1.5177e+00  1.0679e+00  7.3153e-01  1.3298e+00
 2.0000e+01  0.0000e+00 1  2.5762e+00  8.3827e-01  1.7228e+00  1.9154e+00
 1.8182e+01  0.0000e+00 1  4.4574e+00  2.4821e-01  4.3208e+00  1.0950e+00
 1.6667e+01  0.0000e+00 1  4.2823e+00 -6.4992e-01  3.4093e+00 -2.5913e+00
 1.5385e+01  0.0000e+00 1  2.8458e+00 -1.0917e+00  1.3118e+00 -2.5254e+00
 1.4286e+01  0.0000e+00 1  2.0587e+00 -1.2698e+00  6.1035e-01 -1.9662e+00
 1.3333e+01  0.0000e+00 1  1.6202e+00 -1.3565e+00  3.4460e-01 -1.5831e+00
 1.2500e+01  0.0000e+00 1  1.3436e+00 -1.4038e+00  2.2341e-01 -1.3249e+00
 1.1765e+01  0.0000e+00 1  1.1513e+00 -1.4300e+00  1.6162e-01 -1.1399e+00
 1.1111e+01  0.0000e+00 1  1.0075e+00 -1.4426e+00  1.2880e-01 -9.9921e-01
 1.0526e+01  0.0000e+00 1  8.9371e-01 -1.4451e+00  1.1205e-01 -8.8666e-01
 1.0000e+01  0.0000e+00 1  7.9976e-01 -1.4391e+00  1.0501e-01 -7.9283e-01
 9.5238e+00  0.0000e+00 1  7.1938e-01 -1.4257e+00  1.0402e-01 -7.1182e-01
 9.0909e+00  0.0000e+00 1  6.4861e-01 -1.4057e+00  1.0658e-01 -6.3979e-01
 8.6957e+00  0.0000e+00 1  5.8486e-01 -1.3804e+00  1.1066e-01 -5.7429e-01
 8.3333e+00  0.0000e+00 1  5.2646e-01 -1.3516e+00  1.1449e-01 -5.1386e-01
 8.0000e+00  0.0000e+00 1  4.7247e-01 -1.3216e+00  1.1650e-01 -4.5788e-01
 7.6923e+00  0.0000e+00 1  4.2249e-01 -1.2939e+00  1.1550e-01 -4.0640e-01
 7.4074e+00  0.0000e+00 1  3.7648e-01 -1.2703e+00  1.1143e-01 -3.5961e-01
 7.1429e+00  0.0000e+00 1  3.3416e-01 -1.2463e+00  1.0654e-01 -3.1672e-01
 6.8966e+00  0.0000e+00 1  2.9672e-01 -1.2182e+00  1.0246e-01 -2.7846e-01
 6.6667e+00  0.0000e+00 1  2.6636e-01 -1.2024e+00  9.5910e-02 -2.4850e-01
 6.4516e+00  0.0000e+00 1  2.3538e-01 -1.2004e+00  8.5199e-02 -2.1942e-01
 6.2500e+00  0.0000e+00 1  2.0673e-01 -1.1973e+00  7.5430e-02 -1.9248e-01
 6.0606e+00  0.0000e+00 1  1.8135e-01 -1.1970e+00  6.6222e-02 -1.6883e-01
 5.8824e+00  0.0000e+00 1  1.5900e-01 -1.2012e+00  5.7433e-02 -1.4827e-01
 5.7143e+00  0.0000e+00 1  1.3938e-01 -1.2106e+00  4.9126e-02 -1.3044e-01
 5.5556e+00  0.0000e+00 1  1.2221e-01 -1.2253e+00  4.1389e-02 -1.1499e-01
 5.4054e+00  0.0000e+00 1  1.0722e-01 -1.2453e+00  3.4286e-02 -1.0159e-01
 5.2632e+00  0.0000e+00 1  9.4155e-02 -1.2705e+00  2.7848e-02 -8.9943e-02
 5.1282e+00  0.0000e+00 1  8.2786e-02 -1.3008e+00  2.2078e-02 -7.9788e-02
 5.0000e+00  0.0000e+00 1  7.2897e-02 -1.3360e+00  1.6958e-02 -7.0897e-02
 4.8780e+00  0.0000e+00 1  6.4296e-02 -1.3759e+00  1.2454e-02 -6.3078e-02
 4.7619e+00  0.0000e+00 1  5.6812e-02 -1.4201e+00  8.5273e-03 -5.6168e-02
 4.6512e+00  0.0000e+00 1  5.0294e-02 -1.4686e+00  5.1306e-03 -5.0031e-02
 4.5455e+00  0.0000e+00 1  4.4610e-02 -1.5211e+00  2.2176e-03 -4.4555e-02
 4.4444e+00  0.0000e+00 1  3.9648e-02 -1.5773e+00 -2.5746e-04 -3.9647e-02
 4.3478e+00  0.0000e+00 1  3.5307e-02 -1.6371e+00 -2.3383e-03 -3.5230e-02
 4.2553e+00  0.0000e+00 1  3.1504e-02 -1.7002e+00 -4.0658e-03 -3.1241e-02
 4.1667e+00  0.0000e+00 1  2.8165e-02 -1.7665e+00 -5.4776e-03 -2.7628e-02
 4.0816e+00  0.0000e+00 1  2.5228e-02 -1.8358e+00 -6.6081e-03 -2.4347e-02
 4.0000e+00  0.0000e+00 1  2.2639e-02 -1.9079e+00 -7.4886e-03 -2.1364e-02
 3.9216e+00  0.0000e+00 1  2.0351e-02 -1.9827e+00 -8.1476e-03 -1.8649e-02
 3.8462e+00  0.0000e+00 1  1.8325e-02 -2.0600e+00 -8.6108e-03 -1.6176e-02
 3.7736e+00  0.0000e+00 1  1.6526e-02 -2.1396e+00 -8.9016e-03 -1.3924e-02
 3.7037e+00  0.0000e+00 1  1.4927e-02 -2.2215e+00 -9.0413e-03 -1.1877e-02
 3.6364e+00  0.0000e+00 1  1.3500e-02 -2.3054e+00 -9.0492e-03 -1.0018e-02
 3.5714e+00  0.0000e+00 1  1.2225e-02 -2.3914e+00 -8.9430e-03 -8.3348e-03
 3.5088e+00  0.0000e+00 1  1.1082e-02 -2.4792e+00 -8.7389e-03 -6.8155e-03
 3.4483e+00  0.0000e+00 1  1.0056e-02 -2.5689e+00 -8.4517e-03 -5.4497e-03
 3.3898e+00  0.0000e+00 1  9.1328e-03 -2.6603e+00 -8.0952e-03 -4.2281e-03
 3.3333e+00  0.0000e+00 1  8.2997e-03 -2.7533e+00 -7.6819e-03 -3.1422e-03
 3.2787e+00  0.0000e+00 1  7.5464e-03 -2.8480e+00 -7.2235e-03 -2.1839e-03
 3.2258e+00  0.0000e+00 1  6.8639e-03 -2.9443e+00 -6.7307e-03 -1.3457e-03
 3.1746e+00  0.0000e+00 1  6.2444e-03 -3.0421e+00 -6.2135e-03 -6.2031e-04
 3.1250e+00  0.0000e+00 1  5.6809e-03 -3.1415e+00 -5.6809e-03 -5.5303e-07
 3.0769e+00  0.0000e+00 1  5.1676e-03  3.0407e+00 -5.1413e-03  5.2050e-04
 3.0303e+00  0.0000e+00 1  4.6992e-03  2.9381e+00 -4.6022e-03  9.4974e-04
 2.9851e+00  0.0000e+00 1  4.2713e-03  2.8338e+00 -4.0706e-03  1.2940e-03
 2.9412e+00  0.0000e+00 1  3.8799e-03  2.7278e+00 -3.5524e-03  1.5602e-03
 2.8986e+00  0.0000e+00 1  3.5217e-03  2.6199e+00 -3.0533e-03  1.7550e-03
 2.8571e+00  0.0000e+00 1  3.1936e-03  2.5101e+00 -2.5777e-03  1.8854e-03
 2.8169e+00  0.0000e+00 1  2.8930e-03  2.3982e+00 -2.1298e-03  1.9580e-03
 2.7778e+00  0.0000e+00 1  2.6176e-03  2.2841e+00 -1.7128e-03  1.9795e-03
 2.7397e+00  0.0000e+00 1  2.3654e-03  2.1675e+00 -1.3292e-03  1.9566e-03
 2.7027e+00  0.0000e+00 1  2.1346e-03  2.0483e+00 -9.8102e-04  1.8958e-03
 2.6667e+00  0.0000e+00 1  1.9235e-03  1.9263e+00 -6.6944e-04  1.8032e-03
 2.6316e+00  0.0000e+00 1  1.7307e-03  1.8011e+00 -3.9507e-04  1.6851e-03
 2.5974e+00  0.0000e+00 1  1.5551e-03  1.6725e+00 -1.5789e-04  1.5470e-03
 2.5641e+00  0.0000e+00 1  1.3953e-03  1.5402e+00  4.2705e-05  1.3947e-03
 2.5316e+00  0.0000e+00 1  1.2505e-03  1.4038e+00  2.0782e-04  1.2331e-03
 2.5000e+00  0.0000e+00 1  1.1195e-03  1.2631e+00  3.3906e-04  1.0669e-03
 2.4691e+00  0.0000e+00 1  1.0015e-03  1.1177e+00  4.3844e-04  9.0042e-04
 2.4390e+00  0.0000e+00 1  8.9566e-04  9.6724e-01  5.0835e-04  7.3741e-04
 2.4096e+00  0.0000e+00 1  8.0117e-04  8.1161e-01  5.5147e-04  5.8117e-04
 2.3810e+00  0.0000e+00 1  7.1724e-04  6.5065e-01  5.7071e-04  4.3443e-04
 2.3529e+00  0.0000e+00 1  6.4310e-04  4.8436e-01  5.6913e-04  2.9946e-04
 2.3256e+00  0.0000e+00 1  5.7796e-04  3.1297e-01  5.4989e-04  1.7795e-04
 2.2989e+00  0.0000e+00 1  5.2104e-04  1.3690e-01  5.1617e-04  7.1109e-05
 2.2727e+00  0.0000e+00 1  4.7153e-04 -4.3153e-02  4.7109e-04 -2.0341e-05
 2.2472e+00  0.0000e+00 1  4.2859e-04 -2.2628e-01  4.1766e-04 -9.6156e-05
 2.2222e+00  0.0000e+00 1  3.9140e-04 -4.1138e-01  3.5875e-04 -1.5651e-04
 2.1978e+00  0.0000e+00 1  3.5913e-04 -5.9723e-01  2.9696e-04 -2.0196e-04
 2.1739e+00  0.0000e+00 1  3.3098e-04 -7.8266e-01  2.3468e-04 -2.3339e-04
 2.1505e+00  0.0000e+00 1  3.0619e-04 -9.6654e-01  1.7396e-04 -2.5197e-04
 2.1277e+00  0.0000e+00 1  2.8410e-04 -1.1480e+00  1.1657e-04 -2.5908e-04
 2.1053e+00  0.0000e+00 1  2.6411e-04 -1.3263e+00  6.3922e-05 -2.5625e-04
 2.0833e+00  0.0000e+00 1  2.4573e-04 -1.5012e+00  1.7095e-05 -2.4513e-04
 2.0619e+00  0.0000e+00 1  2.2857e-04 -1.6723e+00 -2.3165e-05 -2.2739e-04
 2.0408e+00  0.0000e+00 1  2.1233e-04 -1.8398e+00 -5.6431e-05 -2.0469e-04
 2.0202e+00  0.0000e+00 1  1.9679e-04 -2.0038e+00 -8.2573e-05 -1.7863e-04
 2.0000e+00  0.0000e+00 1  1.8182e-04 -2.1646e+00 -1.0173e-04 -1.5070e-04
 1.9802e+00  0.0000e+00 1  1.6732e-04 -2.3225e+00 -1.1427e-04 -1.2223e-04
 5.0000e+01  0.0000e+00 2  0.0000e+00  0.0000e+00  0.0000e+00  0.0000e+00
 4.0000e+01  0.0000e+00 2  0.0000e+00  0.0000e+00  0.0000e+00  0.0000e+00
 3.3333e+01  0.0000e+00 2  0.0000e+00  0.0000e+00  0.0000e+00  0.0000e+00
 2.8571e+01  0.0000e+00 2  0.0000e+00  0.0000e+00  0.0000e+00  0.0000e+00
 2.5000e+01  0.0000e+00 2  2.9206e-05  8.7825e-01  1.8648e-05  2.2477e-05
 2.2222e+01  0.0000e+00 2  4.3238e-05  8.3516e-01  2.9015e-05  3.2057e-05
 2.0000e+01  0.0000e+00 2  7.0646e-05  6.4542e-01  5.6436e-05  4.2496e-05
 1.8182e+01  0.0000e+00 2  1.1914e-04  7.8479e-02  1.1878e-04  9.3406e-06
 1.6667e+01  0.0000e+00 2  1.1253e-04 -8.0906e-01  7.7665e-05 -8.1430e-05
 1.5385e+01  0.0000e+00 2  7.3982e-05 -1.2490e+00  2.3398e-05 -7.0185e-05
 1.4286e+01  0.0000e+00 2  5.3212e-05 -1.4304e+00  7.4442e-06 -5.2689e-05
 1.3333e+01  0.0000e+00 2  4.1805e-05 -1.5222e+00  2.0293e-06 -4.1756e-05
 1.2500e+01  0.0000e+00 2  3.4727e-05 -1.5733e+00 -8.7024e-08 -3.4727e-05
 1.1765e+01  0.0000e+00 2  2.9890e-05 -1.5990e+00 -8.4247e-07 -2.9878e-05
 1.1111e+01  0.0000e+00 2  2.6338e-05 -1.6040e+00 -8.7330e-07 -2.6324e-05
 1.0526e+01  0.0000e+00 2  2.3592e-05 -1.5886e+00 -4.2071e-07 -2.3588e-05
 1.0000e+01  0.0000e+00 2  2.1395e-05 -1.5512e+00  4.1848e-07 -2.1391e-05
 9.5238e+00  0.0000e+00 2  1.9621e-05 -1.4886e+00  1.6103e-06 -1.9555e-05
 9.0909e+00  0.0000e+00 2  1.8236e-05 -1.3968e+00  3.1564e-06 -1.7961e-05
 8.6957e+00  0.0000e+00 2  1.7301e-05 -1.2721e+00  5.0919e-06 -1.6534e-05
 8.3333e+00  0.0000e+00 2  1.7002e-05 -1.1136e+00  7.5047e-06 -1.5256e-05
 8.0000e+00  0.0000e+00 2  1.7722e-05 -9.3024e-01  1.0591e-05 -1.4209e-05
 7.6923e+00  0.0000e+00 2  2.0173e-05 -7.4826e-01  1.4784e-05 -1.3725e-05
 7.4074e+00  0.0000e+00 2  2.5778e-05 -6.1652e-01  2.1032e-05 -1.4905e-05
 7.1429e+00  0.0000e+00 2  3.7746e-05 -6.1801e-01  3.0764e-05 -2.1871e-05
 6.8966e+00  0.0000e+00 2  5.9960e-05 -9.6083e-01  3.4347e-05 -4.9147e-05
 6.6667e+00  0.0000e+00 2  6.0573e-05 -1.7043e+00 -8.0616e-06 -6.0034e-05
 6.4516e+00  0.0000e+00 2  3.9196e-05 -2.1024e+00 -1.9868e-05 -3.3788e-05
 6.2500e+00  0.0000e+00 2  2.6822e-05 -2.2278e+00 -1.6382e-05 -2.1238e-05
 6.0606e+00  0.0000e+00 2  1.9990e-05 -2.2683e+00 -1.2840e-05 -1.5321e-05
 5.8824e+00  0.0000e+00 2  1.5738e-05 -2.2822e+00 -1.0275e-05 -1.1921e-05
 5.7143e+00  0.0000e+00 2  1.2829e-05 -2.2887e+00 -8.4388e-06 -9.6627e-06
 5.5556e+00  0.0000e+00 2  1.0703e-05 -2.2951e+00 -7.0923e-06 -8.0162e-06
 5.4054e+00  0.0000e+00 2  9.0769e-06 -2.3045e+00 -6.0784e-06 -6.7412e-06
 5.2632e+00  0.0000e+00 2  7.7914e-06 -2.3182e+00 -5.2960e-06 -5.7147e-06
 5.1282e+00  0.0000e+00 2  6.7508e-06 -2.3365e+00 -4.6787e-06 -4.8665e-06
 5.0000e+00  0.0000e+00 2  5.8935e-06 -2.3597e+00 -4.1817e-06 -4.1529e-06
 4.8780e+00  0.0000e+00 2  5.1774e-06 -2.3875e+00 -3.7736e-06 -3.5448e-06
 4.7619e+00  0.0000e+00 2  4.5728e-06 -2.4197e+00 -3.4322e-06 -3.0216e-06
 4.6512e+00  0.0000e+00 2  4.0577e-06 -2.4563e+00 -3.1415e-06 -2.5682e-06
 4.5455e+00  0.0000e+00 2  3.6157e-06 -2.4968e+00 -2.8897e-06 -2.1731e-06
 4.4444e+00  0.0000e+00 2  3.2339e-06 -2.5411e+00 -2.6681e-06 -1.8274e-06
 4.3478e+00  0.0000e+00 2  2.9023e-06 -2.5888e+00 -2.4701e-06 -1.5238e-06
 4.2553e+00  0.0000e+00 2  2.6129e-06 -2.6398e+00 -2.2909e-06 -1.2567e-06
 4.1667e+00  0.0000e+00 2  2.3592e-06 -2.6939e+00 -2.1267e-06 -1.0213e-06
 4.0816e+00  0.0000e+00 2  2.1358e-06 -2.7507e+00 -1.9747e-06 -8.1377e-07
 4.0000e+00  0.0000e+00 2  1.9383e-06 -2.8101e+00 -1.8328e-06 -6.3082e-07
 3.9216e+00  0.0000e+00 2  1.7632e-06 -2.8719e+00 -1.6994e-06 -4.6976e-07
 3.8462e+00  0.0000e+00 2  1.6072e-06 -2.9359e+00 -1.5734e-06 -3.2827e-07
 3.7736e+00  0.0000e+00 2  1.4680e-06 -3.0019e+00 -1.4537e-06 -2.0438e-07
 3.7037e+00  0.0000e+00 2  1.3431e-06 -3.0698e+00 -1.3397e-06 -9.6392e-08
 3.6364e+00  0.0000e+00 2  1.2310e-06 -3.1393e+00 -1.2309e-06 -2.8116e-09
 3.5714e+00  0.0000e+00 2  1.1298e-06  3.0728e+00 -1.1271e-06  7.7668e-08
 3.5088e+00  0.0000e+00 2  1.0383e-06  3.0003e+00 -1.0280e-06  1.4621e-07
 3.4483e+00  0.0000e+00 2  9.5535e-07  2.9265e+00 -9.3335e-07  2.0387e-07
 3.3898e+00  0.0000e+00 2  8.7991e-07  2.8516e+00 -8.4317e-07  2.5160e-07
 3.3333e+00  0.0000e+00 2  8.1111e-07  2.7756e+00 -7.5739e-07  2.9027e-07
 3.2787e+00  0.0000e+00 2  7.4821e-07  2.6986e+00 -6.7600e-07  3.2069e-07
 3.2258e+00  0.0000e+00 2  6.9057e-07  2.6208e+00 -5.9900e-07  3.4363e-07
 3.1746e+00  0.0000e+00 2  6.3763e-07  2.5420e+00 -5.2641e-07  3.5980e-07
 3.1250e+00  0.0000e+00 2  5.8890e-07  2.4625e+00 -4.5825e-07  3.6988e-07
 3.0769e+00  0.0000e+00 2  5.4396e-07  2.3822e+00 -3.9451e-07  3.7451e-07
 3.0303e+00  0.0000e+00 2  5.0245e-07  2.3011e+00 -3.3519e-07  3.7430e-07
 2.9851e+00  0.0000e+00 2  4.6405e-07  2.2193e+00 -2.8028e-07  3.6985e-07
 2.9412e+00  0.0000e+00 2  4.2849e-07  2.1366e+00 -2.2973e-07  3.6170e-07
 2.8986e+00  0.0000e+00 2  3.9552e-07  2.0532e+00 -1.8347e-07  3.5040e-07
 2.8571e+00  0.0000e+00 2  3.6495e-07  1.9688e+00 -1.4143e-07  3.3643e-07
 2.8169e+00  0.0000e+00 2  3.3658e-07  1.8833e+00 -1.0349e-07  3.2027e-07
 2.7778e+00  0.0000e+00 2  3.1026e-07  1.7968e+00 -6.9525e-08  3.0237e-07
 2.7397e+00  0.0000e+00 2  2.8585e-07  1.7090e+00 -3.9376e-08  2.8312e-07
 2.7027e+00  0.0000e+00 2  2.6323e-07  1.6197e+00 -1.2870e-08  2.6291e-07
 2.6667e+00  0.0000e+00 2  2.4229e-07  1.5288e+00  1.0182e-08  2.4207e-07
 2.6316e+00  0.0000e+00 2  2.2294e-07  1.4359e+00  2.9984e-08  2.2091e-07
 2.5974e+00  0.0000e+00 2  2.0509e-07  1.3408e+00  4.6751e-08  1.9969e-07
 2.5641e+00  0.0000e+00 2  1.8868e-07  1.2432e+00  6.0704e-08  1.7865e-07
 2.5316e+00  0.0000e+00 2  1.7363e-07  1.1428e+00  7.2067e-08  1.5797e-07
 2.5000e+00  0.0000e+00 2  1.5988e-07  1.0391e+00  8.1060e-08  1.3781e-07
 2.4691e+00  0.0000e+00 2  1.4739e-07  9.3181e-01  8.7899e-08  1.1831e-07
 2.4390e+00  0.0000e+00 2  1.3609e-07  8.2056e-01  9.2791e-08  9.9557e-08
 2.4096e+00  0.0000e+00 2  1.2596e-07  7.0502e-01  9.5931e-08  8.1628e-08
 2.3810e+00  0.0000e+00 2  1.1694e-07  5.8497e-01  9.7496e-08  6.4571e-08
 2.3529e+00  0.0000e+00 2  1.0899e-07  4.6029e-01  9.7649e-08  4.8416e-08
 2.3256e+00  0.0000e+00 2  1.0208e-07  3.3105e-01  9.6533e-08  3.3179e-08
 2.2989e+00  0.0000e+00 2  9.6144e-08  1.9752e-01  9.4274e-08  1.8867e-08
 2.2727e+00  0.0000e+00 2  9.1145e-08  6.0198e-02  9.0980e-08  5.4834e-09
 2.2472e+00  0.0000e+00 2  8.7021e-08 -8.0191e-02  8.6742e-08 -6.9709e-09
 2.2222e+00  0.0000e+00 2  8.3705e-08 -2.2275e-01  8.1637e-08 -1.8491e-08
 2.1978e+00  0.0000e+00 2  8.1120e-08 -3.6646e-01  7.5734e-08 -2.9067e-08
 2.1739e+00  0.0000e+00 2  7.9182e-08 -5.1035e-01  6.9092e-08 -3.8679e-08
 2.1505e+00  0.0000e+00 2  7.7798e-08 -6.5349e-01  6.1769e-08 -4.7298e-08
 2.1277e+00  0.0000e+00 2  7.6875e-08 -7.9517e-01  5.3825e-08 -5.4888e-08
 2.1053e+00  0.0000e+00 2  7.6316e-08 -9.3488e-01  4.5325e-08 -6.1399e-08
 2.0833e+00  0.0000e+00 2  7.6028e-08 -1.0724e+00  3.6346e-08 -6.6777e-08
 2.0619e+00  0.0000e+00 2  7.5920e-08 -1.2075e+00  2.6976e-08 -7.0966e-08
 2.0408e+00  0.0000e+00 2  7.5910e-08 -1.3405e+00  1.7324e-08 -7.3907e-08
 2.0202e+00  0.0000e+00 2  7.5920e-08 -1.4716e+00  7.5149e-09 -7.5547e-08
 2.0000e+00  0.0000e+00 2  7.5882e-08 -1.6012e+00 -2.3077e-09 -7.5846e-08
 1.9802e+00  0.0000e+00 2  7.5733e-08 -1.7297e+00 -1.1980e-08 -7.4779e-08
 5.0000e+01  0.0000e+00 3  0.0000e+00  0.0000e+00  0.0000e+00  0.0000e+00
 4.0000e+01  0.0000e+00 3  0.0000e+00  0.0000e+00  0.0000e+00  0.0000e+00
 3.3333e+01  0.0000e+00 3  0.0000e+00  0.0000e+00  0.0000e+00  0.0000e+00
 2.8571e+01  0.0000e+00 3  0.0000e+00  0.0000e+00  0.0000e+00  0.0000e+00
 2.5000e+01  0.0000e+00 3  1.1063e-05  1.0769e+00  5.2450e-06  9.7411e-06
 2.2222e+01  0.0000e+00 3  1.6556e-05  1.0747e+00  7.8804e-06  1.4560e-05
 2.0000e+01  0.0000e+00 3  2.7344e-05  9.2077e-01  1.6549e-05  2.1768e-05
 1.8182e+01  0.0000e+00 3  4.6537e-05  3.8522e-01  4.3127e-05  1.7487e-05
 1.6667e+01  0.0000e+00 3  4.4243e-05 -4.7490e-01  3.9347e-05 -2.0230e-05
 1.5385e+01  0.0000e+00 3  2.9199e-05 -8.9134e-01  1.8348e-05 -2.2714e-05
 1.4286e+01  0.0000e+00 3  2.1029e-05 -1.0535e+00  1.0400e-05 -1.8278e-05
 1.3333e+01  0.0000e+00 3  1.6511e-05 -1.1308e+00  7.0325e-06 -1.4938e-05
 1.2500e+01  0.0000e+00 3  1.3689e-05 -1.1731e+00  5.3021e-06 -1.2620e-05
 1.1765e+01  0.0000e+00 3  1.1752e-05 -1.1967e+00  4.2947e-06 -1.0939e-05
 1.1111e+01  0.0000e+00 3  1.0327e-05 -1.2077e+00  3.6678e-06 -9.6542e-06
 1.0526e+01  0.0000e+00 3  9.2238e-06 -1.2084e+00  3.2701e-06 -8.6247e-06
 1.0000e+01  0.0000e+00 3  8.3338e-06 -1.1993e+00  3.0252e-06 -7.7653e-06
 9.5238e+00  0.0000e+00 3  7.5927e-06 -1.1805e+00  2.8888e-06 -7.0217e-06
 9.0909e+00  0.0000e+00 3  6.9605e-06 -1.1518e+00  2.8321e-06 -6.3582e-06
 8.6957e+00  0.0000e+00 3  6.4130e-06 -1.1130e+00  2.8344e-06 -5.7526e-06
 8.3333e+00  0.0000e+00 3  5.9402e-06 -1.0642e+00  2.8821e-06 -5.1942e-06
 8.0000e+00  0.0000e+00 3  5.5485e-06 -1.0056e+00  2.9717e-06 -4.6856e-06
 7.6923e+00  0.0000e+00 3  5.2721e-06 -9.3779e-01  3.1188e-06 -4.2507e-06
 7.4074e+00  0.0000e+00 3  5.2088e-06 -8.6384e-01  3.3832e-06 -3.9605e-06
 7.1429e+00  0.0000e+00 3  5.6161e-06 -8.0872e-01  3.8775e-06 -4.0627e-06
 6.8966e+00  0.0000e+00 3  6.8098e-06 -9.3892e-01  4.0223e-06 -5.4950e-06
 6.6667e+00  0.0000e+00 3  6.1372e-06 -1.3707e+00  1.2201e-06 -6.0147e-06
 6.4516e+00  0.0000e+00 3  4.1592e-06 -1.5036e+00  2.7940e-07 -4.1498e-06
 6.2500e+00  0.0000e+00 3  3.1662e-06 -1.4642e+00  3.3679e-07 -3.1482e-06
 6.0606e+00  0.0000e+00 3  2.6249e-06 -1.4120e+00  4.1506e-07 -2.5919e-06
 5.8824e+00  0.0000e+00 3  2.2632e-06 -1.3743e+00  4.4189e-07 -2.2196e-06
 5.7143e+00  0.0000e+00 3  1.9885e-06 -1.3521e+00  4.3141e-07 -1.9412e-06
 5.5556e+00  0.0000e+00 3  1.7652e-06 -1.3431e+00  3.9848e-07 -1.7196e-06
 5.4054e+00  0.0000e+00 3  1.5770e-06 -1.3450e+00  3.5304e-07 -1.5370e-06
 5.2632e+00  0.0000e+00 3  1.4152e-06 -1.3562e+00  3.0136e-07 -1.3827e-06
 5.1282e+00  0.0000e+00 3  1.2746e-06 -1.3754e+00  2.4742e-07 -1.2503e-06
 5.0000e+00  0.0000e+00 3  1.1515e-06 -1.4018e+00  1.9371e-07 -1.1351e-06
 4.8780e+00  0.0000e+00 3  1.0432e-06 -1.4345e+00  1.4179e-07 -1.0335e-06
 4.7619e+00  0.0000e+00 3  9.4759e-07 -1.4729e+00  9.2611e-08 -9.4305e-07
 4.6512e+00  0.0000e+00 3  8.6293e-07 -1.5166e+00  4.6728e-08 -8.6167e-07
 4.5455e+00  0.0000e+00 3  7.8776e-07 -1.5652e+00  4.4347e-09 -7.8775e-07
 4.4444e+00  0.0000e+00 3  7.2085e-07 -1.6182e+00 -3.4143e-08 -7.2004e-07
 4.3478e+00  0.0000e+00 3  6.6113e-07 -1.6753e+00 -6.8984e-08 -6.5752e-07
 4.2553e+00  0.0000e+00 3  6.0771e-07 -1.7363e+00 -1.0013e-07 -5.9940e-07
 4.1667e+00  0.0000e+00 3  5.5980e-07 -1.8009e+00 -1.2768e-07 -5.4505e-07
 4.0816e+00  0.0000e+00 3  5.1674e-07 -1.8688e+00 -1.5173e-07 -4.9396e-07
 4.0000e+00  0.0000e+00 3  4.7793e-07 -1.9399e+00 -1.7241e-07 -4.4574e-07
 3.9216e+00  0.0000e+00 3  4.4286e-07 -2.0138e+00 -1.8985e-07 -4.0010e-07
 3.8462e+00  0.0000e+00 3  4.1110e-07 -2.0905e+00 -2.0418e-07 -3.5681e-07
 3.7736e+00  0.0000e+00 3  3.8226e-07 -2.1698e+00 -2.1552e-07 -3.1570e-07
 3.7037e+00  0.0000e+00 3  3.5599e-07 -2.2515e+00 -2.2403e-07 -2.7665e-07
 3.6364e+00  0.0000e+00 3  3.3200e-07 -2.3354e+00 -2.2984e-07 -2.3959e-07
 3.5714e+00  0.0000e+00 3  3.1004e-07 -2.4215e+00 -2.3307e-07 -2.0446e-07
 3.5088e+00  0.0000e+00 3  2.8987e-07 -2.5096e+00 -2.3388e-07 -1.7124e-07
 3.4483e+00  0.0000e+00 3  2.7129e-07 -2.5996e+00 -2.3241e-07 -1.3994e-07
 3.3898e+00  0.0000e+00 3  2.5413e-07 -2.6915e+00 -2.2882e-07 -1.1056e-07
 3.3333e+00  0.0000e+00 3  2.3823e-07 -2.7851e+00 -2.2325e-07 -8.3133e-08
 3.2787e+00  0.0000e+00 3  2.2346e-07 -2.8805e+00 -2.1588e-07 -5.7688e-08
 3.2258e+00  0.0000e+00 3  2.0969e-07 -2.9775e+00 -2.0687e-07 -3.4256e-08
 3.1746e+00  0.0000e+00 3  1.9682e-07 -3.0762e+00 -1.9640e-07 -1.2870e-08
 3.1250e+00  0.0000e+00 3  1.8477e-07  3.1067e+00 -1.8466e-07  6.4436e-09
 3.0769e+00  0.0000e+00 3  1.7345e-07  3.0047e+00 -1.7183e-07  2.3662e-08
 3.0303e+00  0.0000e+00 3  1.6279e-07  2.9011e+00 -1.5810e-07  3.8775e-08
 2.9851e+00  0.0000e+00 3  1.5273e-07  2.7957e+00 -1.4368e-07  5.1781e-08
 2.9412e+00  0.0000e+00 3  1.4322e-07  2.6885e+00 -1.2877e-07  6.2694e-08
 2.8986e+00  0.0000e+00 3  1.3422e-07  2.5794e+00 -1.1356e-07  7.1542e-08
 2.8571e+00  0.0000e+00 3  1.2569e-07  2.4683e+00 -9.8261e-08  7.8368e-08
 2.8169e+00  0.0000e+00 3  1.1759e-07  2.3551e+00 -8.3060e-08  8.3236e-08
 2.7778e+00  0.0000e+00 3  1.0990e-07  2.2396e+00 -6.8149e-08  8.6223e-08
 2.7397e+00  0.0000e+00 3  1.0261e-07  2.1217e+00 -5.3708e-08  8.7427e-08
 2.7027e+00  0.0000e+00 3  9.5682e-08  2.0010e+00 -3.9909e-08  8.6962e-08
 2.6667e+00  0.0000e+00 3  8.9117e-08  1.8775e+00 -2.6906e-08  8.4958e-08
 2.6316e+00  0.0000e+00 3  8.2901e-08  1.7508e+00 -1.4843e-08  8.1561e-08
 2.5974e+00  0.0000e+00 3  7.7027e-08  1.6207e+00 -3.8397e-09  7.6931e-08
 2.5641e+00  0.0000e+00 3  7.1491e-08  1.4868e+00  5.9994e-09  7.1238e-08
 2.5316e+00  0.0000e+00 3  6.6289e-08  1.3488e+00  1.4594e-08  6.4663e-08
 2.5000e+00  0.0000e+00 3  6.1422e-08  1.2065e+00  2.1885e-08  5.7391e-08
 2.4691e+00  0.0000e+00 3  5.6890e-08  1.0594e+00  2.7839e-08  4.9613e-08
 2.4390e+00  0.0000e+00 3  5.2694e-08  9.0742e-01  3.2448e-08  4.1518e-08
 2.4096e+00  0.0000e+00 3  4.8834e-08  7.5019e-01  3.5725e-08  3.3293e-08
 2.3810e+00  0.0000e+00 3  4.5310e-08  5.8762e-01  3.7710e-08  2.5119e-08
 2.3529e+00  0.0000e+00 3  4.2122e-08  4.1975e-01  3.8465e-08  1.7166e-08
 2.3256e+00  0.0000e+00 3  3.9264e-08  2.4677e-01  3.8075e-08  9.5913e-09
 2.2989e+00  0.0000e+00 3  3.6729e-08  6.9114e-02  3.6641e-08  2.5365e-09
 2.2727e+00  0.0000e+00 3  3.4503e-08 -1.1256e-01  3.4285e-08 -3.8756e-09
 2.2472e+00  0.0000e+00 3  3.2568e-08 -2.9737e-01  3.1139e-08 -9.5427e-09
 2.2222e+00  0.0000e+00 3  3.0902e-08 -4.8423e-01  2.7349e-08 -1.4386e-08
 2.1978e+00  0.0000e+00 3  2.9473e-08 -6.7198e-01  2.3066e-08 -1.8348e-08
 2.1739e+00  0.0000e+00 3  2.8251e-08 -8.5946e-01  1.8444e-08 -2.1400e-08
 2.1505e+00  0.0000e+00 3  2.7200e-08 -1.0456e+00  1.3638e-08 -2.3534e-08
 2.1277e+00  0.0000e+00 3  2.6284e-08 -1.2295e+00  8.7974e-09 -2.4768e-08
 2.1053e+00  0.0000e+00 3  2.5467e-08 -1.4105e+00  4.0638e-09 -2.5141e-08
 2.0833e+00  0.0000e+00 3  2.4718e-08 -1.5883e+00 -4.3303e-10 -2.4714e-08
 2.0619e+00  0.0000e+00 3  2.4007e-08 -1.7627e+00 -4.5779e-09 -2.3566e-08
 2.0408e+00  0.0000e+00 3  2.3310e-08 -1.9336e+00 -8.2730e-09 -2.1793e-08
 2.0202e+00  0.0000e+00 3  2.2608e-08 -2.1014e+00 -1.1440e-08 -1.9500e-08
 2.0000e+00  0.0000e+00 3  2.1884e-08 -2.2662e+00 -1.4021e-08 -1.6802e-08
 1.9802e+00  0.0000e+00 3  2.1127e-08 -2.4285e+00 -1.5980e-08 -1.3821e-08
 5.0000e+01  0.0000e+00 4  0.0000e+00  0.0000e+00  0.0000e+00  0.0000e+00
 4.0000e+01  0.0000e+00 4  0.0000e+00  0.0000e+00  0.0000e+00  0.0000e+00
 3.3333e+01  0.0000e+00 4  0.0000e+00  0.0000e+00  0.0000e+00  0.0000e+00
 2.8571e+01  0.0000e+00 4  0.0000e+00  0.0000e+00  0.0000e+00  0.0000e+00
 2.5000e+01  0.0000e+00 4  1.7415e-06 -2.7364e-01  1.6767e-06 -4.7062e-07
 2.2222e+01  0.0000e+00 4  3.0219e-06 -3.8765e-01  2.7977e-06 -1.1423e-06
 2.0000e+01  0.0000e+00 4  5.5779e-06 -6.2340e-01  4.5287e-06 -3.2564e-06
 1.8182e+01  0.0000e+00 4  1.0336e-05 -1.2169e+00  3.5817e-06 -9.6951e-06
 1.6667e+01  0.0000e+00 4  1.0481e-05 -2.1160e+00 -5.4354e-06 -8.9619e-06
 1.5385e+01  0.0000e+00 4  7.2470e-06 -2.5561e+00 -6.0398e-06 -4.0050e-06
 1.4286e+01  0.0000e+00 4  5.3717e-06 -2.7293e+00 -4.9216e-06 -2.1524e-06
 1.3333e+01  0.0000e+00 4  4.2573e-06 -2.8070e+00 -4.0213e-06 -1.3979e-06
 1.2500e+01  0.0000e+00 4  3.4827e-06 -2.8395e+00 -3.3249e-06 -1.0362e-06
 1.1765e+01  0.0000e+00 4  2.8662e-06 -2.8415e+00 -2.7381e-06 -8.4717e-07
 1.1111e+01  0.0000e+00 4  2.3218e-06 -2.8137e+00 -2.1982e-06 -7.4766e-07
 1.0526e+01  0.0000e+00 4  1.8055e-06 -2.7434e+00 -1.6642e-06 -7.0001e-07
 1.0000e+01  0.0000e+00 4  1.3001e-06 -2.5878e+00 -1.1058e-06 -6.8371e-07
 9.5238e+00  0.0000e+00 4  8.4597e-07 -2.1969e+00 -4.9574e-07 -6.8549e-07
 9.0909e+00  0.0000e+00 4  7.2314e-07 -1.2974e+00  1.9528e-07 -6.9627e-07
 8.6957e+00  0.0000e+00 4  1.2319e-06 -6.1683e-01  1.0049e-06 -7.1260e-07
 8.3333e+00  0.0000e+00 4  2.1247e-06 -3.5773e-01  1.9902e-06 -7.4396e-07
 8.0000e+00  0.0000e+00 4  3.3560e-06 -2.5096e-01  3.2508e-06 -8.3340e-07
 7.6923e+00  0.0000e+00 4  5.1047e-06 -2.2131e-01  4.9802e-06 -1.1205e-06
 7.4074e+00  0.0000e+00 4  7.8434e-06 -2.6543e-01  7.5687e-06 -2.0576e-06
 7.1429e+00  0.0000e+00 4  1.2743e-05 -4.3284e-01  1.1567e-05 -5.3449e-06
 6.8966e+00  0.0000e+00 4  2.1300e-05 -9.1595e-01  1.2972e-05 -1.6894e-05
 6.6667e+00  0.0000e+00 4  2.1954e-05 -1.7719e+00 -4.3849e-06 -2.1512e-05
 6.4516e+00  0.0000e+00 4  1.4256e-05 -2.2586e+00 -9.0496e-06 -1.1015e-05
 6.2500e+00  0.0000e+00 4  9.7062e-06 -2.4540e+00 -7.5010e-06 -6.1600e-06
 6.0606e+00  0.0000e+00 4  7.1681e-06 -2.5506e+00 -5.9523e-06 -3.9941e-06
 5.8824e+00  0.0000e+00 4  5.5819e-06 -2.6101e+00 -4.8120e-06 -2.8290e-06
 5.7143e+00  0.0000e+00 4  4.4976e-06 -2.6546e+00 -3.9747e-06 -2.1049e-06
 5.5556e+00  0.0000e+00 4  3.7086e-06 -2.6932e+00 -3.3420e-06 -1.6078e-06
 5.4054e+00  0.0000e+00 4  3.1089e-06 -2.7304e+00 -2.8498e-06 -1.2425e-06
 5.2632e+00  0.0000e+00 4  2.6385e-06 -2.7686e+00 -2.4571e-06 -9.6143e-07
 5.1282e+00  0.0000e+00 4  2.2609e-06 -2.8089e+00 -2.1370e-06 -7.3831e-07
 5.0000e+00  0.0000e+00 4  1.9525e-06 -2.8521e+00 -1.8712e-06 -5.5742e-07
 4.8780e+00  0.0000e+00 4  1.6970e-06 -2.8984e+00 -1.6471e-06 -4.0871e-07
 4.7619e+00  0.0000e+00 4  1.4831e-06 -2.9480e+00 -1.4554e-06 -2.8540e-07
 4.6512e+00  0.0000e+00 4  1.3023e-06 -3.0009e+00 -1.2894e-06 -1.8265e-07
 4.5455e+00  0.0000e+00 4  1.1483e-06 -3.0571e+00 -1.1442e-06 -9.6901e-08
 4.4444e+00  0.0000e+00 4  1.0163e-06 -3.1165e+00 -1.0159e-06 -2.5450e-08
 4.3478e+00  0.0000e+00 4  9.0235e-07  3.1041e+00 -9.0171e-07  3.3831e-08
 4.2553e+00  0.0000e+00 4  8.0355e-07  3.0386e+00 -7.9929e-07  8.2642e-08
 4.1667e+00  0.0000e+00 4  7.1745e-07  2.9702e+00 -7.0694e-07  1.2237e-07
 4.0816e+00  0.0000e+00 4  6.4208e-07  2.8991e+00 -6.2330e-07  1.5418e-07
 4.0000e+00  0.0000e+00 4  5.7583e-07  2.8254e+00 -5.4729e-07  1.7903e-07
 3.9216e+00  0.0000e+00 4  5.1736e-07  2.7494e+00 -4.7807e-07  1.9776e-07
 3.8462e+00  0.0000e+00 4  4.6557e-07  2.6710e+00 -4.1496e-07  2.1111e-07
 3.7736e+00  0.0000e+00 4  4.1953e-07  2.5904e+00 -3.5740e-07  2.1971e-07
 3.7037e+00  0.0000e+00 4  3.7847e-07  2.5078e+00 -3.0496e-07  2.2413e-07
 3.6364e+00  0.0000e+00 4  3.4172e-07  2.4233e+00 -2.5728e-07  2.2490e-07
 3.5714e+00  0.0000e+00 4  3.0873e-07  2.3369e+00 -2.1405e-07  2.2247e-07
 3.5088e+00  0.0000e+00 4  2.7902e-07  2.2488e+00 -1.7502e-07  2.1731e-07
 3.4483e+00  0.0000e+00 4  2.5220e-07  2.1591e+00 -1.3997e-07  2.0980e-07
 3.3898e+00  0.0000e+00 4  2.2792e-07  2.0679e+00 -1.0869e-07  2.0034e-07
 3.3333e+00  0.0000e+00 4  2.0588e-07  1.9752e+00 -8.1003e-08  1.8927e-07
 3.2787e+00  0.0000e+00 4  1.8582e-07  1.8811e+00 -5.6737e-08  1.7695e-07
 3.2258e+00  0.0000e+00 4  1.6754e-07  1.7856e+00 -3.5716e-08  1.6369e-07
 3.1746e+00  0.0000e+00 4  1.5083e-07  1.6889e+00 -1.7769e-08  1.4978e-07
 3.1250e+00  0.0000e+00 4  1.3555e-07  1.5909e+00 -2.7199e-09  1.3552e-07
 3.0769e+00  0.0000e+00 4  1.2154e-07  1.4916e+00  9.6142e-09  1.2116e-07
 3.0303e+00  0.0000e+00 4  1.0870e-07  1.3911e+00  1.9423e-08  1.0695e-07
 2.9851e+00  0.0000e+00 4  9.6913e-08  1.2895e+00  2.6904e-08  9.3103e-08
 2.9412e+00  0.0000e+00 4  8.6091e-08  1.1866e+00  3.2265e-08  7.9817e-08
 2.8986e+00  0.0000e+00 4  7.6158e-08  1.0826e+00  3.5718e-08  6.7263e-08
 2.8571e+00  0.0000e+00 4  6.7045e-08  9.7750e-01  3.7485e-08  5.5587e-08
 2.8169e+00  0.0000e+00 4  5.8694e-08  8.7128e-01  3.7790e-08  4.4910e-08
 2.7778e+00  0.0000e+00 4  5.1051e-08  7.6409e-01  3.6860e-08  3.5321e-08
 2.7397e+00  0.0000e+00 4  4.4071e-08  6.5606e-01  3.4922e-08  2.6883e-08
 2.7027e+00  0.0000e+00 4  3.7712e-08  5.4748e-01  3.2200e-08  1.9631e-08
 2.6667e+00  0.0000e+00 4  3.1937e-08  4.3879e-01  2.8912e-08  1.3568e-08
 2.6316e+00  0.0000e+00 4  2.6712e-08  3.3072e-01  2.5264e-08  8.6740e-09
 2.5974e+00  0.0000e+00 4  2.2005e-08  2.2456e-01  2.1452e-08  4.9000e-09
 2.5641e+00  0.0000e+00 4  1.7788e-08  1.2250e-01  1.7655e-08  2.1736e-09
 2.5316e+00  0.0000e+00 4  1.4036e-08  2.8553e-02  1.4030e-08  4.0071e-10
 2.5000e+00  0.0000e+00 4  1.0728e-08 -4.9565e-02  1.0715e-08 -5.3151e-10
 2.4691e+00  0.0000e+00 4  7.8576e-09 -9.5725e-02  7.8217e-09 -7.5102e-10
 2.4390e+00  0.0000e+00 4  5.4512e-09 -7.2891e-02  5.4367e-09 -3.9699e-10
 2.4096e+00  0.0000e+00 4  3.6388e-09  1.0588e-01  3.6184e-09  3.8455e-10
 2.3810e+00  0.0000e+00 4  2.7993e-09  5.4248e-01  2.3975e-09  1.4452e-09
 2.3529e+00  0.0000e+00 4  3.1812e-09  9.7823e-01  1.7767e-09  2.6388e-09
 2.3256e+00  0.0000e+00 4  4.2000e-09  1.1457e+00  1.7322e-09  3.8262e-09
 2.2989e+00  0.0000e+00 4  5.3588e-09  1.1446e+00  2.2153e-09  4.8795e-09
 2.2727e+00  0.0000e+00 4  6.5030e-09  1.0642e+00  3.1552e-09  5.6863e-09
 2.2472e+00  0.0000e+00 4  7.6007e-09  9.4344e-01  4.4617e-09  6.1534e-09
 2.2222e+00  0.0000e+00 4  8.6558e-09  8.0008e-01  6.0301e-09  6.2098e-09
 2.1978e+00  0.0000e+00 4  9.6813e-09  6.4350e-01  7.7451e-09  5.8088e-09
 2.1739e+00  0.0000e+00 4  1.0690e-08  4.7928e-01  9.4859e-09  4.9298e-09
 2.1505e+00  0.0000e+00 4  1.1693e-08  3.1105e-01  1.1132e-08  3.5787e-09
 2.1277e+00  0.0000e+00 4  1.2692e-08  1.4126e-01  1.2566e-08  1.7870e-09
 2.1053e+00  0.0000e+00 4  1.3688e-08 -2.8422e-02  1.3683e-08 -3.8900e-10
 2.0833e+00  0.0000e+00 4  1.4675e-08 -1.9693e-01  1.4391e-08 -2.8713e-09
 2.0619e+00  0.0000e+00 4  1.5642e-08 -3.6364e-01  1.4619e-08 -5.5635e-09
 2.0408e+00  0.0000e+00 4  1.6577e-08 -5.2825e-01  1.4317e-08 -8.3549e-09
 2.0202e+00  0.0000e+00 4  1.7463e-08 -6.9070e-01  1.3461e-08 -1.1125e-08
 2.0000e+00  0.0000e+00 4  1.8286e-08 -8.5114e-01  1.2053e-08 -1.3752e-08
 1.9802e+00  0.0000e+00 4  1.9028e-08 -1.0098e+00  1.0123e-08 -1.6112e-08
 5.0000e+01  0.0000e+00 5  0.0000e+00  0.0000e+00  0.0000e+00  0.0000e+00
 4.0000e+01  0.0000e+00 5  0.0000e+00  0.0000e+00  0.0000e+00  0.0000e+00
 3.3333e+01  0.0000e+00 5  0.0000e+00  0.0000e+00  0.0000e+00  0.0000e+00
 2.8571e+01  0.0000e+00 5  0.0000e+00  0.0000e+00  0.0000e+00  0.0000e+00
 2.5000e+01  0.0000e+00 5  2.4355e-03 -1.8217e+00 -6.0466e-04 -2.3593e-03
 2.2222e+01  0.0000e+00 5  3.7836e-03 -1.9488e+00 -1.3962e-03 -3.5165e-03
 2.0000e+01  0.0000e+00 5  6.3801e-03 -2.1956e+00 -3.7320e-03 -5.1747e-03
 1.8182e+01  0.0000e+00 5  1.0990e-02 -2.7992e+00 -1.0352e-02 -3.6899e-03
 1.6667e+01  0.0000e+00 5  1.0530e-02  2.5751e+00 -8.8848e-03  5.6510e-03
 1.5385e+01  0.0000e+00 5  6.9878e-03  2.1246e+00 -3.6753e-03  5.9432e-03
 1.4286e+01  0.0000e+00 5  5.0543e-03  1.9395e+00 -1.8215e-03  4.7147e-03
 1.3333e+01  0.0000e+00 5  3.9817e-03  1.8469e+00 -1.0855e-03  3.8308e-03
 1.2500e+01  0.0000e+00 5  3.3093e-03  1.7947e+00 -7.3463e-04  3.2267e-03
 1.1765e+01  0.0000e+00 5  2.8452e-03  1.7641e+00 -5.4666e-04  2.7921e-03
 1.1111e+01  0.0000e+00 5  2.5010e-03  1.7477e+00 -4.4009e-04  2.4620e-03
 1.0526e+01  0.0000e+00 5  2.2316e-03  1.7418e+00 -3.7964e-04  2.1990e-03
 1.0000e+01  0.0000e+00 5  2.0113e-03  1.7446e+00 -3.4775e-04  1.9810e-03
 9.5238e+00  0.0000e+00 5  1.8245e-03  1.7551e+00 -3.3431e-04  1.7936e-03
 9.0909e+00  0.0000e+00 5  1.6613e-03  1.7723e+00 -3.3246e-04  1.6277e-03
 8.6957e+00  0.0000e+00 5  1.5148e-03  1.7950e+00 -3.3675e-04  1.4769e-03
 8.3333e+00  0.0000e+00 5  1.3805e-03  1.8214e+00 -3.4240e-04  1.3374e-03
 8.0000e+00  0.0000e+00 5  1.2556e-03  1.8493e+00 -3.4517e-04  1.2073e-03
 7.6923e+00  0.0000e+00 5  1.1388e-03  1.8755e+00 -3.4165e-04  1.0863e-03
 7.4074e+00  0.0000e+00 5  1.0292e-03  1.8991e+00 -3.3183e-04  9.7429e-04
 7.1429e+00  0.0000e+00 5  9.2627e-04  1.9279e+00 -3.2379e-04  8.6784e-04
 6.8966e+00  0.0000e+00 5  8.4181e-04  1.9746e+00 -3.3079e-04  7.7409e-04
 6.6667e+00  0.0000e+00 5  7.9744e-04  1.9884e+00 -3.2344e-04  7.2890e-04
 6.4516e+00  0.0000e+00 5  7.2383e-04  1.9690e+00 -2.8066e-04  6.6721e-04
 6.2500e+00  0.0000e+00 5  6.4845e-04  1.9624e+00 -2.4746e-04  5.9937e-04
 6.0606e+00  0.0000e+00 5  5.8126e-04  1.9574e+00 -2.1917e-04  5.3836e-04
 5.8824e+00  0.0000e+00 5  5.2167e-04  1.9495e+00 -1.9288e-04  4.8470e-04
 5.7143e+00  0.0000e+00 5  4.6871e-04  1.9372e+00 -1.6794e-04  4.3759e-04
 5.5556e+00  0.0000e+00 5  4.2164e-04  1.9200e+00 -1.4427e-04  3.9619e-04
 5.4054e+00  0.0000e+00 5  3.7982e-04  1.8977e+00 -1.2197e-04  3.5971e-04
 5.2632e+00  0.0000e+00 5  3.4270e-04  1.8704e+00 -1.0113e-04  3.2744e-04
 5.1282e+00  0.0000e+00 5  3.0975e-04  1.8381e+00 -8.1807e-05  2.9876e-04
 5.0000e+00  0.0000e+00 5  2.8051e-04  1.8010e+00 -6.4012e-05  2.7311e-04
 4.8780e+00  0.0000e+00 5  2.5455e-04  1.7594e+00 -4.7727e-05  2.5004e-04
 4.7619e+00  0.0000e+00 5  2.3148e-04  1.7134e+00 -3.2908e-05  2.2913e-04
 4.6512e+00  0.0000e+00 5  2.1096e-04  1.6633e+00 -1.9496e-05  2.1006e-04
 4.5455e+00  0.0000e+00 5  1.9269e-04  1.6093e+00 -7.4213e-06  1.9254e-04
 4.4444e+00  0.0000e+00 5  1.7638e-04  1.5516e+00  3.3871e-06  1.7635e-04
 4.3478e+00  0.0000e+00 5  1.6181e-04  1.4904e+00  1.3002e-05  1.6129e-04
 4.2553e+00  0.0000e+00 5  1.4876e-04  1.4258e+00  2.1493e-05  1.4720e-04
 4.1667e+00  0.0000e+00 5  1.3705e-04  1.3581e+00  2.8926e-05  1.3396e-04
 4.0816e+00  0.0000e+00 5  1.2652e-04  1.2875e+00  3.5364e-05  1.2148e-04
 4.0000e+00  0.0000e+00 5  1.1703e-04  1.2141e+00  4.0864e-05  1.0966e-04
 3.9216e+00  0.0000e+00 5  1.0846e-04  1.1381e+00  4.5480e-05  9.8460e-05
 3.8462e+00  0.0000e+00 5  1.0069e-04  1.0596e+00  4.9262e-05  8.7817e-05
 3.7736e+00  0.0000e+00 5  9.3639e-05  9.7874e-01  5.2257e-05  7.7701e-05
 3.7037e+00  0.0000e+00 5  8.7218e-05  8.9570e-01  5.4509e-05  6.8087e-05
 3.6364e+00  0.0000e+00 5  8.1357e-05  8.1057e-01  5.6062e-05  5.8958e-05
 3.5714e+00  0.0000e+00 5  7.5991e-05  7.2347e-01  5.6957e-05  5.0305e-05
 3.5088e+00  0.0000e+00 5  7.1065e-05  6.3448e-01  5.7234e-05  4.2125e-05
 3.4483e+00  0.0000e+00 5  6.6529e-05  5.4371e-01  5.6935e-05  3.4416e-05
 3.3898e+00  0.0000e+00 5  6.2339e-05  4.5120e-01  5.6100e-05  2.7183e-05
 3.3333e+00  0.0000e+00 5  5.8459e-05  3.5704e-01  5.4772e-05  2.0431e-05
 3.2787e+00  0.0000e+00 5  5.4854e-05  2.6125e-01  5.2992e-05  1.4168e-05
 3.2258e+00  0.0000e+00 5  5.1495e-05  1.6388e-01  5.0805e-05  8.4012e-06
 3.1746e+00  0.0000e+00 5  4.8356e-05  6.4930e-02  4.8254e-05  3.1375e-06
 3.1250e+00  0.0000e+00 5  4.5416e-05 -3.5598e-02  4.5387e-05 -1.6164e-06
 3.0769e+00  0.0000e+00 5  4.2653e-05 -1.3772e-01  4.2249e-05 -5.8557e-06
 3.0303e+00  0.0000e+00 5  4.0052e-05 -2.4148e-01  3.8890e-05 -9.5779e-06
 2.9851e+00  0.0000e+00 5  3.7597e-05 -3.4692e-01  3.5357e-05 -1.2783e-05
 2.9412e+00  0.0000e+00 5  3.5275e-05 -4.5412e-01  3.1700e-05 -1.5474e-05
 2.8986e+00  0.0000e+00 5  3.3077e-05 -5.6318e-01  2.7969e-05 -1.7659e-05
 2.8571e+00  0.0000e+00 5  3.0992e-05 -6.7421e-01  2.4211e-05 -1.9348e-05
 2.8169e+00  0.0000e+00 5  2.9013e-05 -7.8735e-01  2.0475e-05 -2.0555e-05
 2.7778e+00  0.0000e+00 5  2.7133e-05 -9.0275e-01  1.6808e-05 -2.1300e-05
 2.7397e+00  0.0000e+00 5  2.5347e-05 -1.0206e+00  1.3253e-05 -2.1607e-05
 2.7027e+00  0.0000e+00 5  2.3652e-05 -1.1411e+00  9.8522e-06 -2.1502e-05
 2.6667e+00  0.0000e+00 5  2.2043e-05 -1.2646e+00  6.6450e-06 -2.1017e-05
 2.6316e+00  0.0000e+00 5  2.0518e-05 -1.3912e+00  3.6657e-06 -2.0188e-05
 2.5974e+00  0.0000e+00 5  1.9077e-05 -1.5212e+00  9.4501e-07 -1.9053e-05
 2.5641e+00  0.0000e+00 5  1.7717e-05 -1.6551e+00 -1.4914e-06 -1.7654e-05
 2.5316e+00  0.0000e+00 5  1.6438e-05 -1.7930e+00 -3.6229e-06 -1.6034e-05
 2.5000e+00  0.0000e+00 5  1.5241e-05 -1.9354e+00 -5.4346e-06 -1.4239e-05
 2.4691e+00  0.0000e+00 5  1.4126e-05 -2.0825e+00 -6.9173e-06 -1.2316e-05
 2.4390e+00  0.0000e+00 5  1.3093e-05 -2.2347e+00 -8.0679e-06 -1.0311e-05
 2.4096e+00  0.0000e+00 5  1.2142e-05 -2.3922e+00 -8.8894e-06 -8.2709e-06
 2.3810e+00  0.0000e+00 5  1.1274e-05 -2.5551e+00 -9.3904e-06 -6.2393e-06
 2.3529e+00  0.0000e+00 5  1.0489e-05 -2.7235e+00 -9.5856e-06 -4.2592e-06
 2.3256e+00  0.0000e+00 5  9.7863e-06 -2.8970e+00 -9.4950e-06 -2.3699e-06
 2.2989e+00  0.0000e+00 5  9.1634e-06 -3.0753e+00 -9.1432e-06 -6.0699e-07
 2.2727e+00  0.0000e+00 5  8.6176e-06  3.0255e+00 -8.5596e-06  9.9842e-07
 2.2472e+00  0.0000e+00 5  8.1446e-06  2.8399e+00 -7.7767e-06  2.4202e-06
 2.2222e+00  0.0000e+00 5  7.7386e-06  2.6522e+00 -6.8302e-06  3.6378e-06
 2.1978e+00  0.0000e+00 5  7.3924e-06  2.4636e+00 -5.7576e-06  4.6365e-06
 2.1739e+00  0.0000e+00 5  7.0978e-06  2.2754e+00 -4.5974e-06  5.4077e-06
 2.1505e+00  0.0000e+00 5  6.8460e-06  2.0885e+00 -3.3881e-06  5.9488e-06
 2.1277e+00  0.0000e+00 5  6.6277e-06  1.9039e+00 -2.1673e-06  6.2633e-06
 2.1053e+00  0.0000e+00 5  6.4342e-06  1.7223e+00 -9.7100e-07  6.3605e-06
 2.0833e+00  0.0000e+00 5  6.2571e-06  1.5440e+00  1.6786e-07  6.2548e-06
 2.0619e+00  0.0000e+00 5  6.0891e-06  1.3691e+00  1.2197e-06  5.9657e-06
 2.0408e+00  0.0000e+00 5  5.9239e-06  1.1977e+00  2.1592e-06  5.5163e-06
 2.0202e+00  0.0000e+00 5  5.7563e-06  1.0295e+00  2.9659e-06  4.9335e-06
 2.0000e+00  0.0000e+00 5  5.5826e-06  8.6423e-01  3.6244e-06  4.2461e-06
 1.9802e+00  0.0000e+00 5  5.3997e-06  7.0144e-01  4.1249e-06  3.4845e-06
 5.0000e+01  0.0000e+00 6  0.0000e+00  0.0000e+00  0.0000e+00  0.0000e+00
 4.0000e+01  0.0000e+00 6  0.0000e+00  0.0000e+00  0.0000e+00  0.0000e+00
 3.3333e+01  0.0000e+00 6  0.0000e+00  0.0000e+00  0.0000e+00  0.0000e+00
 2.8571e+01  0.0000e+00 6  0.0000e+00  0.0000e+00  0.0000e+00  0.0000e+00
 2.5000e+01  0.0000e+00 6  1.4043e-03 -3.1736e-01  1.3341e-03 -4.3822e-04
 2.2222e+01  0.0000e+00 6  2.5427e-03 -4.3606e-01  2.3047e-03 -1.0739e-03
 2.0000e+01  0.0000e+00 6  4.9295e-03 -6.7773e-01  3.8401e-03 -3.0909e-03
 1.8182e+01  0.0000e+00 6  9.6683e-03 -1.2785e+00  2.7856e-03 -9.2583e-03
 1.6667e+01  0.0000e+00 6  1.0473e-02 -2.1866e+00 -6.0492e-03 -8.5497e-03
 1.5385e+01  0.0000e+00 6  7.8200e-03 -2.6377e+00 -6.8482e-03 -3.7756e-03
 1.4286e+01  0.0000e+00 6  6.3432e-03 -2.8250e+00 -6.0279e-03 -1.9750e-03
 1.3333e+01  0.0000e+00 6  5.5932e-03 -2.9208e+00 -5.4574e-03 -1.2250e-03
 1.2500e+01  0.0000e+00 6  5.2000e-03 -2.9774e+00 -5.1301e-03 -8.4982e-04
 1.1765e+01  0.0000e+00 6  5.0040e-03 -3.0135e+00 -4.9629e-03 -6.3945e-04
 1.1111e+01  0.0000e+00 6  4.9326e-03 -3.0367e+00 -4.9054e-03 -5.1666e-04
 1.0526e+01  0.0000e+00 6  4.9516e-03 -3.0508e+00 -4.9312e-03 -4.4898e-04
 1.0000e+01  0.0000e+00 6  5.0460e-03 -3.0580e+00 -5.0284e-03 -4.2119e-04
 9.5238e+00  0.0000e+00 6  5.2128e-03 -3.0600e+00 -5.1954e-03 -4.2473e-04
 9.0909e+00  0.0000e+00 6  5.4588e-03 -3.0587e+00 -5.4401e-03 -4.5199e-04
 8.6957e+00  0.0000e+00 6  5.8038e-03 -3.0568e+00 -5.7829e-03 -4.9147e-04
 8.3333e+00  0.0000e+00 6  6.2874e-03 -3.0587e+00 -6.2659e-03 -5.2030e-04
 8.0000e+00  0.0000e+00 6  6.9883e-03 -3.0718e+00 -6.9713e-03 -4.8731e-04
 7.6923e+00  0.0000e+00 6  8.0681e-03 -3.1091e+00 -8.0639e-03 -2.6251e-04
 7.4074e+00  0.0000e+00 6  9.8852e-03  3.0877e+00 -9.8708e-03  5.3286e-04
 7.1429e+00  0.0000e+00 6  1.3249e-02  2.8911e+00 -1.2835e-02  3.2835e-03
 6.8966e+00  0.0000e+00 6  1.8726e-02  2.3868e+00 -1.3641e-02  1.2829e-02
 6.6667e+00  0.0000e+00 6  1.6628e-02  1.5148e+00  9.3073e-04  1.6602e-02
 6.4516e+00  0.0000e+00 6  9.4387e-03  1.0155e+00  4.9764e-03  8.0203e-03
 6.2500e+00  0.0000e+00 6  5.6845e-03  8.0979e-01  3.9203e-03  4.1164e-03
 6.0606e+00  0.0000e+00 6  3.7492e-03  7.0489e-01  2.8557e-03  2.4293e-03
 5.8824e+00  0.0000e+00 6  2.6286e-03  6.3837e-01  2.1110e-03  1.5664e-03
 5.7143e+00  0.0000e+00 6  1.9200e-03  5.8800e-01  1.5976e-03  1.0650e-03
 5.5556e+00  0.0000e+00 6  1.4437e-03  5.4429e-01  1.2351e-03  7.4756e-04
 5.4054e+00  0.0000e+00 6  1.1093e-03  5.0263e-01  9.7206e-04  5.3437e-04
 5.2632e+00  0.0000e+00 6  8.6676e-04  4.6062e-01  7.7642e-04  3.8528e-04
 5.1282e+00  0.0000e+00 6  6.8655e-04  4.1692e-01  6.2774e-04  2.7802e-04
 5.0000e+00  0.0000e+00 6  5.5000e-04  3.7079e-01  5.1263e-04  1.9930e-04
 4.8780e+00  0.0000e+00 6  4.4488e-04  3.2183e-01  4.2204e-04  1.4072e-04
 4.7619e+00  0.0000e+00 6  3.6287e-04  2.6985e-01  3.4974e-04  9.6736e-05
 4.6512e+00  0.0000e+00 6  2.9816e-04  2.1478e-01  2.9131e-04  6.3546e-05
 4.5455e+00  0.0000e+00 6  2.4659e-04  1.5661e-01  2.4357e-04  3.8461e-05
 4.4444e+00  0.0000e+00 6  2.0514e-04  9.5410e-02  2.0421e-04  1.9543e-05
 4.3478e+00  0.0000e+00 6  1.7156e-04  3.1264e-02  1.7148e-04  5.3627e-06
 4.2553e+00  0.0000e+00 6  1.4416e-04 -3.5724e-02  1.4407e-04 -5.1490e-06
 4.1667e+00  0.0000e+00 6  1.2167e-04 -1.0544e-01  1.2099e-04 -1.2804e-05
 4.0816e+00  0.0000e+00 6  1.0309e-04 -1.7775e-01  1.0146e-04 -1.8227e-05
 4.0000e+00  0.0000e+00 6  8.7654e-05 -2.5253e-01  8.4874e-05 -2.1901e-05
 3.9216e+00  0.0000e+00 6  7.4771e-05 -3.2966e-01  7.0745e-05 -2.4205e-05
 3.8462e+00  0.0000e+00 6  6.3965e-05 -4.0902e-01  5.8688e-05 -2.5439e-05
 3.7736e+00  0.0000e+00 6  5.4860e-05 -4.9048e-01  4.8392e-05 -2.5842e-05
 3.7037e+00  0.0000e+00 6  4.7156e-05 -5.7392e-01  3.9601e-05 -2.5603e-05
 3.6364e+00  0.0000e+00 6  4.0613e-05 -6.5923e-01  3.2103e-05 -2.4876e-05
 3.5714e+00  0.0000e+00 6  3.5034e-05 -7.4632e-01  2.5721e-05 -2.3786e-05
 3.5088e+00  0.0000e+00 6  3.0260e-05 -8.3508e-01  2.0308e-05 -2.2434e-05
 3.4483e+00  0.0000e+00 6  2.6163e-05 -9.2543e-01  1.5737e-05 -2.0901e-05
 3.3898e+00  0.0000e+00 6  2.2635e-05 -1.0173e+00  1.1899e-05 -1.9255e-05
 3.3333e+00  0.0000e+00 6  1.9589e-05 -1.1106e+00  8.7006e-06 -1.7551e-05
 3.2787e+00  0.0000e+00 6  1.6953e-05 -1.2052e+00  6.0601e-06 -1.5833e-05
 3.2258e+00  0.0000e+00 6  1.4665e-05 -1.3012e+00  3.9054e-06 -1.4136e-05
 3.1746e+00  0.0000e+00 6  1.2677e-05 -1.3985e+00  2.1730e-06 -1.2489e-05
 3.1250e+00  0.0000e+00 6  1.0945e-05 -1.4971e+00  8.0613e-07 -1.0915e-05
 3.0769e+00  0.0000e+00 6  9.4343e-06 -1.5969e+00 -2.4588e-07 -9.4311e-06
 3.0303e+00  0.0000e+00 6  8.1155e-06 -1.6979e+00 -1.0285e-06 -8.0501e-06
 2.9851e+00  0.0000e+00 6  6.9632e-06 -1.8001e+00 -1.5827e-06 -6.7809e-06
 2.9412e+00  0.0000e+00 6  5.9560e-06 -1.9035e+00 -1.9454e-06 -5.6293e-06
 2.8986e+00  0.0000e+00 6  5.0755e-06 -2.0082e+00 -2.1499e-06 -4.5977e-06
 2.8571e+00  0.0000e+00 6  4.3063e-06 -2.1140e+00 -2.2259e-06 -3.6864e-06
 2.8169e+00  0.0000e+00 6  3.6348e-06 -2.2210e+00 -2.2003e-06 -2.8932e-06
 2.7778e+00  0.0000e+00 6  3.0494e-06 -2.3291e+00 -2.0969e-06 -2.2139e-06
 2.7397e+00  0.0000e+00 6  2.5400e-06 -2.4381e+00 -1.9369e-06 -1.6431e-06
 2.7027e+00  0.0000e+00 6  2.0978e-06 -2.5479e+00 -1.7388e-06 -1.1736e-06
 2.6667e+00  0.0000e+00 6  1.7151e-06 -2.6580e+00 -1.5184e-06 -7.9747e-07
 2.6316e+00  0.0000e+00 6  1.3851e-06 -2.7678e+00 -1.2895e-06 -5.0573e-07
 2.5974e+00  0.0000e+00 6  1.1019e-06 -2.8762e+00 -1.0633e-06 -2.8895e-07
 2.5641e+00  0.0000e+00 6  8.5996e-07 -2.9812e+00 -8.4893e-07 -1.3732e-07
 2.5316e+00  0.0000e+00 6  6.5478e-07 -3.0791e+00 -6.5350e-07 -4.0902e-08
 2.5000e+00  0.0000e+00 6  4.8228e-07  3.1206e+00 -4.8218e-07  1.0123e-08
 2.4691e+00  0.0000e+00 6  3.3929e-07  3.0670e+00 -3.3834e-07  2.5292e-08
 2.4390e+00  0.0000e+00 6  2.2418e-07  3.0806e+00 -2.2377e-07  1.3660e-08
 2.4096e+00  0.0000e+00 6  1.3972e-07 -3.0243e+00 -1.3876e-07 -1.6357e-08
 2.3810e+00  0.0000e+00 6  1.0023e-07 -2.5352e+00 -8.2357e-08 -5.7122e-08
 2.3529e+00  0.0000e+00 6  1.1463e-07 -2.0467e+00 -5.2514e-08 -1.0190e-07
 2.3256e+00  0.0000e+00 6  1.5214e-07 -1.8800e+00 -4.6300e-08 -1.4492e-07
 2.2989e+00  0.0000e+00 6  1.9119e-07 -1.8906e+00 -6.0104e-08 -1.8150e-07
 2.2727e+00  0.0000e+00 6  2.2656e-07 -1.9785e+00 -8.9837e-08 -2.0799e-07
 2.2472e+00  0.0000e+00 6  2.5771e-07 -2.1046e+00 -1.3113e-07 -2.2185e-07
 2.2222e+00  0.0000e+00 6  2.8520e-07 -2.2518e+00 -1.7955e-07 -2.2159e-07
 2.1978e+00  0.0000e+00 6  3.0978e-07 -2.4110e+00 -2.3073e-07 -2.0671e-07
 2.1739e+00  0.0000e+00 6  3.3209e-07 -2.5772e+00 -2.8060e-07 -1.7763e-07
 2.1505e+00  0.0000e+00 6  3.5258e-07 -2.7469e+00 -3.2547e-07 -1.3558e-07
 2.1277e+00  0.0000e+00 6  3.7150e-07 -2.9177e+00 -3.6223e-07 -8.2469e-08
 2.1053e+00  0.0000e+00 6  3.8890e-07 -3.0882e+00 -3.8834e-07 -2.0763e-08
 2.0833e+00  0.0000e+00 6  4.0471e-07  3.0260e+00 -4.0201e-07  4.6687e-08
 2.0619e+00  0.0000e+00 6  4.1876e-07  2.8589e+00 -4.0214e-07  1.1679e-07
 2.0408e+00  0.0000e+00 6  4.3081e-07  2.6942e+00 -3.8840e-07  1.8639e-07
 2.0202e+00  0.0000e+00 6  4.4063e-07  2.5316e+00 -3.6117e-07  2.5240e-07
 2.0000e+00  0.0000e+00 6  4.4796e-07  2.3713e+00 -3.2150e-07  3.1194e-07
 1.9802e+00  0.0000e+00 6  4.5260e-07  2.2128e+00 -2.7100e-07  3.6250e-07
