 5.0000e+01  0.0000e+00 1  0.0000e+00  0.0000e+00  0.0000e+00  0.0000e+00
 3.5714e+01  0.0000e+00 1  0.0000e+00  0.0000e+00  0.0000e+00  0.0000e+00
 2.7778e+01  0.0000e+00 1  0.0000e+00  0.0000e+00  0.0000e+00  0.0000e+00
 2.2727e+01  0.0000e+00 1  0.0000e+00  0.0000e+00  0.0000e+00  0.0000e+00
 1.9231e+01  0.0000e+00 1  3.1488e+04  3.0236e+00 -3.1269e+04  3.7067e+03
 1.6667e+01  0.0000e+00 1  2.8252e+01 -2.5602e+00 -2.3611e+01 -1.5515e+01
 1.4706e+01  0.0000e+00 1  1.0318e+00 -1.9725e+00 -4.0346e-01 -9.4965e-01
 1.3158e+01  0.0000e+00 1  6.1649e-01 -1.7394e+00 -1.0345e-01 -6.0775e-01
 1.1905e+01  0.0000e+00 1  4.8257e-01 -1.7366e+00 -7.9649e-02 -4.7595e-01
 1.0870e+01  0.0000e+00 1  3.9034e-01 -1.7566e+00 -7.2094e-02 -3.8362e-01
 1.0000e+01  0.0000e+00 1  3.2246e-01 -1.7803e+00 -6.7054e-02 -3.1542e-01
 9.2593e+00  0.0000e+00 1  2.6957e-01 -1.8008e+00 -6.1464e-02 -2.6247e-01
 8.6207e+00  0.0000e+00 1  2.2633e-01 -1.8164e+00 -5.5028e-02 -2.1954e-01
 8.0645e+00  0.0000e+00 1  1.9083e-01 -1.8245e+00 -4.7898e-02 -1.8473e-01
 7.5758e+00  0.0000e+00 1  1.5998e-01 -1.8284e+00 -4.0751e-02 -1.5470e-01
 7.1429e+00  0.0000e+00 1  1.3298e-01 -1.8317e+00 -3.4307e-02 -1.2847e-01
 6.7568e+00  0.0000e+00 1  1.0918e-01 -1.8424e+00 -2.9286e-02 -1.0517e-01
 6.4103e+00  0.0000e+00 1  8.8102e-02 -1.8606e+00 -2.5180e-02 -8.4427e-02
 6.0976e+00  0.0000e+00 1  6.9806e-02 -1.8797e+00 -2.1221e-02 -6.6502e-02
 5.8140e+00  0.0000e+00 1  5.3577e-02 -1.8951e+00 -1.7073e-02 -5.0784e-02
 5.5556e+00  0.0000e+00 1  3.9325e-02 -1.8872e+00 -1.2237e-02 -3.7373e-02
 5.3191e+00  0.0000e+00 1  2.7118e-02 -1.7875e+00 -5.8304e-03 -2.6484e-02
 5.1020e+00  0.0000e+00 1  1.9160e-02 -1.4051e+00  3.1597e-03 -1.8897e-02
 4.9020e+00  0.0000e+00 1  2.6020e-02 -9.0646e-01  1.6042e-02 -2.0486e-02
 4.7170e+00  0.0000e+00 1  4.3994e-02 -1.0649e+00  2.1318e-02 -3.8484e-02
 4.5455e+00  0.0000e+00 1  5.1799e-02 -1.6305e+00 -3.0884e-03 -5.1707e-02
 4.3860e+00  0.0000e+00 1  4.3120e-02 -2.1001e+00 -2.1772e-02 -3.7220e-02
 4.2373e+00  0.0000e+00 1  3.3082e-02 -2.4302e+00 -2.5059e-02 -2.1598e-02
 4.0984e+00  0.0000e+00 1  2.5725e-02 -2.6582e+00 -2.2778e-02 -1.1957e-02
 3.9683e+00  0.0000e+00 1  2.0399e-02 -2.8627e+00 -1.9611e-02 -5.6163e-03
 3.8462e+00  0.0000e+00 1  1.6446e-02 -3.0478e+00 -1.6373e-02 -1.5401e-03
 3.7313e+00  0.0000e+00 1  1.3371e-02  3.0595e+00 -1.3326e-02  1.0960e-03
 3.6232e+00  0.0000e+00 1  1.0892e-02  2.8840e+00 -1.0533e-02  2.7751e-03
 3.5211e+00  0.0000e+00 1  8.8751e-03  2.7190e+00 -8.0944e-03  3.6397e-03
 3.4247e+00  0.0000e+00 1  7.1876e-03  2.5528e+00 -5.9771e-03  3.9919e-03
 3.3333e+00  0.0000e+00 1  5.7594e-03  2.3914e+00 -4.2132e-03  3.9268e-03
 3.2468e+00  0.0000e+00 1  4.5390e-03  2.2353e+00 -2.7990e-03  3.5732e-03
 5.0000e+01  0.0000e+00 2  0.0000e+00  0.0000e+00  0.0000e+00  0.0000e+00
 3.5714e+01  0.0000e+00 2  0.0000e+00  0.0000e+00  0.0000e+00  0.0000e+00
 2.7778e+01  0.0000e+00 2  0.0000e+00  0.0000e+00  0.0000e+00  0.0000e+00
 2.2727e+01  0.0000e+00 2  0.0000e+00  0.0000e+00  0.0000e+00  0.0000e+00
 1.9231e+01  0.0000e+00 2  0.0000e+00  0.0000e+00  0.0000e+00  0.0000e+00
 1.6667e+01  0.0000e+00 2  0.0000e+00  0.0000e+00  0.0000e+00  0.0000e+00
 1.4706e+01  0.0000e+00 2  0.0000e+00  0.0000e+00  0.0000e+00  0.0000e+00
 1.3158e+01  0.0000e+00 2  0.0000e+00  0.0000e+00  0.0000e+00  0.0000e+00
 1.1905e+01  0.0000e+00 2  0.0000e+00  0.0000e+00  0.0000e+00  0.0000e+00
 1.0870e+01  0.0000e+00 2  0.0000e+00  0.0000e+00  0.0000e+00  0.0000e+00
 1.0000e+01  0.0000e+00 2  0.0000e+00  0.0000e+00  0.0000e+00  0.0000e+00
 9.2593e+00  0.0000e+00 2  0.0000e+00  0.0000e+00  0.0000e+00  0.0000e+00
 8.6207e+00  0.0000e+00 2  0.0000e+00  0.0000e+00  0.0000e+00  0.0000e+00
 8.0645e+00  0.0000e+00 2  0.0000e+00  0.0000e+00  0.0000e+00  0.0000e+00
 7.5758e+00  0.0000e+00 2  0.0000e+00  0.0000e+00  0.0000e+00  0.0000e+00
 7.1429e+00  0.0000e+00 2  0.0000e+00  0.0000e+00  0.0000e+00  0.0000e+00
 6.7568e+00  0.0000e+00 2  0.0000e+00  0.0000e+00  0.0000e+00  0.0000e+00
 6.4103e+00  0.0000e+00 2  0.0000e+00  0.0000e+00  0.0000e+00  0.0000e+00
 6.0976e+00  0.0000e+00 2  0.0000e+00  0.0000e+00  0.0000e+00  0.0000e+00
 5.8140e+00  0.0000e+00 2  0.0000e+00  0.0000e+00  0.0000e+00  0.0000e+00
 5.5556e+00  0.0000e+00 2  0.0000e+00  0.0000e+00  0.0000e+00  0.0000e+00
 5.3191e+00  0.0000e+00 2  0.0000e+00  0.0000e+00  0.0000e+00  0.0000e+00
 5.1020e+00  0.0000e+00 2  0.0000e+00  0.0000e+00  0.0000e+00  0.0000e+00
 4.9020e+00  0.0000e+00 2  0.0000e+00  0.0000e+00  0.0000e+00  0.0000e+00
 4.7170e+00  0.0000e+00 2  0.0000e+00  0.0000e+00  0.0000e+00  0.0000e+00
 4.5455e+00  0.0000e+00 2  0.0000e+00  0.0000e+00  0.0000e+00  0.0000e+00
 4.3860e+00  0.0000e+00 2  0.0000e+00  0.0000e+00  0.0000e+00  0.0000e+00
 4.2373e+00  0.0000e+00 2  0.0000e+00  0.0000e+00  0.0000e+00  0.0000e+00
 4.0984e+00  0.0000e+00 2  0.0000e+00  0.0000e+00  0.0000e+00  0.0000e+00
 3.9683e+00  0.0000e+00 2  0.0000e+00  0.0000e+00  0.0000e+00  0.0000e+00
 3.8462e+00  0.0000e+00 2  0.0000e+00  0.0000e+00  0.0000e+00  0.0000e+00
 3.7313e+00  0.0000e+00 2  0.0000e+00  0.0000e+00  0.0000e+00  0.0000e+00
 3.6232e+00  0.0000e+00 2  0.0000e+00  0.0000e+00  0.0000e+00  0.0000e+00
 3.5211e+00  0.0000e+00 2  0.0000e+00  0.0000e+00  0.0000e+00  0.0000e+00
 3.4247e+00  0.0000e+00 2  0.0000e+00  0.0000e+00  0.0000e+00  0.0000e+00
 3.3333e+00  0.0000e+00 2  0.0000e+00  0.0000e+00  0.0000e+00  0.0000e+00
 3.2468e+00  0.0000e+00 2  0.0000e+00  0.0000e+00  0.0000e+00  0.0000e+00
 5.0000e+01  0.0000e+00 3  0.0000e+00  0.0000e+00  0.0000e+00  0.0000e+00
 3.5714e+01  0.0000e+00 3  0.0000e+00  0.0000e+00  0.0000e+00  0.0000e+00
 2.7778e+01  0.0000e+00 3  0.0000e+00  0.0000e+00  0.0000e+00  0.0000e+00
 2.2727e+01  0.0000e+00 3  0.0000e+00  0.0000e+00  0.0000e+00  0.0000e+00
 1.9231e+01  0.0000e+00 3  2.3359e+04  1.0592e+00  1.1435e+04  2.0368e+04
 1.6667e+01  0.0000e+00 3  3.5108e-01  5.5800e-01  2.9783e-01  1.8590e-01
 1.4706e+01  0.0000e+00 3  7.3070e-03  1.5695e-01  7.2172e-03  1.1422e-03
 1.3158e+01  0.0000e+00 3  1.3406e-03 -8.8410e-01  8.4993e-04 -1.0368e-03
 1.1905e+01  0.0000e+00 3  6.9572e-04 -1.3646e+00  1.4241e-04 -6.8099e-04
 1.0870e+01  0.0000e+00 3  1.5079e-04 -1.5873e+00 -2.4820e-06 -1.5077e-04
 1.0000e+01  0.0000e+00 3  4.0457e-04  1.4495e+00  4.8959e-05  4.0159e-04
 9.2593e+00  0.0000e+00 3  9.5164e-04  1.3819e+00  1.7866e-04  9.3472e-04
 8.6207e+00  0.0000e+00 3  1.4808e-03  1.3357e+00  3.4499e-04  1.4401e-03
 8.0645e+00  0.0000e+00 3  1.9785e-03  1.3001e+00  5.2899e-04  1.9065e-03
 7.5758e+00  0.0000e+00 3  2.4422e-03  1.2718e+00  7.1926e-04  2.3339e-03
 7.1429e+00  0.0000e+00 3  2.8650e-03  1.2427e+00  9.2324e-04  2.7121e-03
 6.7568e+00  0.0000e+00 3  3.2522e-03  1.2022e+00  1.1719e-03  3.0337e-03
 6.4103e+00  0.0000e+00 3  3.6212e-03  1.1491e+00  1.4824e-03  3.3039e-03
 6.0976e+00  0.0000e+00 3  3.9911e-03  1.0789e+00  1.8848e-03  3.5180e-03
 5.8140e+00  0.0000e+00 3  4.3989e-03  9.9015e-01  2.4130e-03  3.6779e-03
 5.5556e+00  0.0000e+00 3  4.9036e-03  8.7260e-01  3.1522e-03  3.7562e-03
 5.3191e+00  0.0000e+00 3  5.6083e-03  7.1056e-01  4.2511e-03  3.6581e-03
 5.1020e+00  0.0000e+00 3  6.6709e-03  4.9098e-01  5.8828e-03  3.1453e-03
 4.9020e+00  0.0000e+00 3  8.2850e-03  1.1687e-01  8.2284e-03  9.6607e-04
 4.7170e+00  0.0000e+00 3  9.7583e-03 -4.6184e-01  8.7360e-03 -4.3482e-03
 4.5455e+00  0.0000e+00 3  8.5559e-03 -1.2132e+00  2.9951e-03 -8.0145e-03
 4.3860e+00  0.0000e+00 3  5.8050e-03 -1.7752e+00 -1.1781e-03 -5.6842e-03
 4.2373e+00  0.0000e+00 3  3.7859e-03 -2.1583e+00 -2.0984e-03 -3.1511e-03
 4.0984e+00  0.0000e+00 3  2.6272e-03 -2.3983e+00 -1.9343e-03 -1.7779e-03
 3.9683e+00  0.0000e+00 3  1.8991e-03 -2.5999e+00 -1.6272e-03 -9.7913e-04
 3.8462e+00  0.0000e+00 3  1.4284e-03 -2.7616e+00 -1.3265e-03 -5.2987e-04
 3.7313e+00  0.0000e+00 3  1.1012e-03 -2.8949e+00 -1.0679e-03 -2.6892e-04
 3.6232e+00  0.0000e+00 3  8.5941e-04 -3.0077e+00 -8.5171e-04 -1.1476e-04
 3.5211e+00  0.0000e+00 3  6.8473e-04 -3.0880e+00 -6.8375e-04 -3.6686e-05
 3.4247e+00  0.0000e+00 3  5.5150e-04  3.1381e+00 -5.5150e-04  1.8998e-06
 3.3333e+00  0.0000e+00 3  4.5271e-04  3.1113e+00 -4.5250e-04  1.3733e-05
 3.2468e+00  0.0000e+00 3  3.8102e-04  3.1120e+00 -3.8085e-04  1.1271e-05
 5.0000e+01  0.0000e+00 4  0.0000e+00  0.0000e+00  0.0000e+00  0.0000e+00
 3.5714e+01  0.0000e+00 4  0.0000e+00  0.0000e+00  0.0000e+00  0.0000e+00
 2.7778e+01  0.0000e+00 4  0.0000e+00  0.0000e+00  0.0000e+00  0.0000e+00
 2.2727e+01  0.0000e+00 4  0.0000e+00  0.0000e+00  0.0000e+00  0.0000e+00
 1.9231e+01  0.0000e+00 4  0.0000e+00  0.0000e+00  0.0000e+00  0.0000e+00
 1.6667e+01  0.0000e+00 4  0.0000e+00  0.0000e+00  0.0000e+00  0.0000e+00
 1.4706e+01  0.0000e+00 4  0.0000e+00  0.0000e+00  0.0000e+00  0.0000e+00
 1.3158e+01  0.0000e+00 4  0.0000e+00 -0.0000e+00  0.0000e+00 -0.0000e+00
 1.1905e+01  0.0000e+00 4  0.0000e+00  0.0000e+00  0.0000e+00  0.0000e+00
 1.0870e+01  0.0000e+00 4  0.0000e+00  0.0000e+00  0.0000e+00  0.0000e+00
 1.0000e+01  0.0000e+00 4  0.0000e+00  0.0000e+00  0.0000e+00  0.0000e+00
 9.2593e+00  0.0000e+00 4  0.0000e+00  0.0000e+00  0.0000e+00  0.0000e+00
 8.6207e+00  0.0000e+00 4  0.0000e+00 -0.0000e+00  0.0000e+00 -0.0000e+00
 8.0645e+00  0.0000e+00 4  0.0000e+00  0.0000e+00  0.0000e+00  0.0000e+00
 7.5758e+00  0.0000e+00 4  0.0000e+00  0.0000e+00  0.0000e+00  0.0000e+00
 7.1429e+00  0.0000e+00 4  0.0000e+00  0.0000e+00  0.0000e+00  0.0000e+00
 6.7568e+00  0.0000e+00 4  0.0000e+00  0.0000e+00  0.0000e+00  0.0000e+00
 6.4103e+00  0.0000e+00 4  0.0000e+00 -0.0000e+00  0.0000e+00 -0.0000e+00
 6.0976e+00  0.0000e+00 4  0.0000e+00  0.0000e+00  0.0000e+00  0.0000e+00
 5.8140e+00  0.0000e+00 4  0.0000e+00  0.0000e+00  0.0000e+00  0.0000e+00
 5.5556e+00  0.0000e+00 4  0.0000e+00  0.0000e+00  0.0000e+00  0.0000e+00
 5.3191e+00  0.0000e+00 4  0.0000e+00  0.0000e+00  0.0000e+00  0.0000e+00
 5.1020e+00  0.0000e+00 4  0.0000e+00  0.0000e+00  0.0000e+00  0.0000e+00
 4.9020e+00  0.0000e+00 4  0.0000e+00  0.0000e+00  0.0000e+00  0.0000e+00
 4.7170e+00  0.0000e+00 4  0.0000e+00  0.0000e+00  0.0000e+00  0.0000e+00
 4.5455e+00  0.0000e+00 4  0.0000e+00  0.0000e+00  0.0000e+00  0.0000e+00
 4.3860e+00  0.0000e+00 4  0.0000e+00  0.0000e+00  0.0000e+00  0.0000e+00
 4.2373e+00  0.0000e+00 4  0.0000e+00  0.0000e+00  0.0000e+00  0.0000e+00
 4.0984e+00  0.0000e+00 4  0.0000e+00  0.0000e+00  0.0000e+00  0.0000e+00
 3.9683e+00  0.0000e+00 4  0.0000e+00  0.0000e+00  0.0000e+00  0.0000e+00
 3.8462e+00  0.0000e+00 4  0.0000e+00  0.0000e+00  0.0000e+00  0.0000e+00
 3.7313e+00  0.0000e+00 4  0.0000e+00  0.0000e+00  0.0000e+00  0.0000e+00
 3.6232e+00  0.0000e+00 4  0.0000e+00  0.0000e+00  0.0000e+00  0.0000e+00
 3.5211e+00  0.0000e+00 4  0.0000e+00  0.0000e+00  0.0000e+00  0.0000e+00
 3.4247e+00  0.0000e+00 4  0.0000e+00  0.0000e+00  0.0000e+00  0.0000e+00
 3.3333e+00  0.0000e+00 4  0.0000e+00  0.0000e+00  0.0000e+00  0.0000e+00
 3.2468e+00  0.0000e+00 4  0.0000e+00  0.0000e+00  0.0000e+00  0.0000e+00
 5.0000e+01  0.0000e+00 5  0.0000e+00  0.0000e+00  0.0000e+00  0.0000e+00
 3.5714e+01  0.0000e+00 5  0.0000e+00  0.0000e+00  0.0000e+00  0.0000e+00
 2.7778e+01  0.0000e+00 5  0.0000e+00  0.0000e+00  0.0000e+00  0.0000e+00
 2.2727e+01  0.0000e+00 5  0.0000e+00  0.0000e+00  0.0000e+00  0.0000e+00
 1.9231e+01  0.0000e+00 5  1.3212e+01  5.2279e-01  1.1447e+01  6.5967e+00
 1.6667e+01  0.0000e+00 5  5.0560e-02  4.7831e-01  4.4886e-02  2.3272e-02
 1.4706e+01  0.0000e+00 5  1.2409e-03  1.5648e-01  1.2257e-03  1.9338e-04
 1.3158e+01  0.0000e+00 5  2.2806e-04 -8.8410e-01  1.4459e-04 -1.7637e-04
 1.1905e+01  0.0000e+00 5  1.1840e-04 -1.3644e+00  2.4267e-05 -1.1589e-04
 1.0870e+01  0.0000e+00 5  2.5675e-05 -1.5853e+00 -3.7212e-07 -2.5672e-05
 1.0000e+01  0.0000e+00 5  6.8833e-05  1.4486e+00  8.3876e-06  6.8320e-05
 9.2593e+00  0.0000e+00 5  1.6192e-04  1.3815e+00  3.0472e-05  1.5903e-04
 8.6207e+00  0.0000e+00 5  2.5197e-04  1.3353e+00  5.8801e-05  2.4501e-04
 8.0645e+00  0.0000e+00 5  3.3663e-04  1.2997e+00  9.0153e-05  3.2433e-04
 7.5758e+00  0.0000e+00 5  4.1550e-04  1.2713e+00  1.2258e-04  3.9701e-04
 7.1429e+00  0.0000e+00 5  4.8741e-04  1.2421e+00  1.5734e-04  4.6132e-04
 6.7568e+00  0.0000e+00 5  5.5325e-04  1.2015e+00  1.9970e-04  5.1595e-04
 6.4103e+00  0.0000e+00 5  6.1599e-04  1.1483e+00  2.5255e-04  5.6183e-04
 6.0976e+00  0.0000e+00 5  6.7883e-04  1.0782e+00  3.2103e-04  5.9812e-04
 5.8140e+00  0.0000e+00 5  7.4810e-04  9.8936e-01  4.1087e-04  6.2517e-04
 5.5556e+00  0.0000e+00 5  8.3380e-04  8.7179e-01  5.3651e-04  6.3826e-04
 5.3191e+00  0.0000e+00 5  9.5339e-04  7.0978e-01  7.2315e-04  6.2129e-04
 5.1020e+00  0.0000e+00 5  1.1336e-03  4.9030e-01  1.0001e-03  5.3381e-04
 4.9020e+00  0.0000e+00 5  1.4072e-03  1.1668e-01  1.3976e-03  1.6382e-04
 4.7170e+00  0.0000e+00 5  1.6573e-03 -4.6101e-01  1.4843e-03 -7.3726e-04
 4.5455e+00  0.0000e+00 5  1.4547e-03 -1.2116e+00  5.1138e-04 -1.3619e-03
 4.3860e+00  0.0000e+00 5  9.8783e-04 -1.7740e+00 -1.9935e-04 -9.6751e-04
 4.2373e+00  0.0000e+00 5  6.4437e-04 -2.1577e+00 -3.5682e-04 -5.3656e-04
 4.0984e+00  0.0000e+00 5  4.4714e-04 -2.3980e+00 -3.2911e-04 -3.0269e-04
 3.9683e+00  0.0000e+00 5  3.2319e-04 -2.5998e+00 -2.7689e-04 -1.6667e-04
 3.8462e+00  0.0000e+00 5  2.4307e-04 -2.7615e+00 -2.2572e-04 -9.0178e-05
 3.7313e+00  0.0000e+00 5  1.8737e-04 -2.8949e+00 -1.8170e-04 -4.5756e-05
 3.6232e+00  0.0000e+00 5  1.4622e-04 -3.0077e+00 -1.4491e-04 -1.9519e-05
 3.5211e+00  0.0000e+00 5  1.1649e-04 -3.0880e+00 -1.1632e-04 -6.2344e-06
 3.4247e+00  0.0000e+00 5  9.3820e-05  3.1381e+00 -9.3819e-05  3.2919e-07
 3.3333e+00  0.0000e+00 5  7.7009e-05  3.1112e+00 -7.6973e-05  2.3404e-06
 3.2468e+00  0.0000e+00 5  6.4810e-05  3.1120e+00 -6.4781e-05  1.9196e-06
 5.0000e+01  0.0000e+00 6  0.0000e+00  0.0000e+00  0.0000e+00  0.0000e+00
 3.5714e+01  0.0000e+00 6  0.0000e+00  0.0000e+00  0.0000e+00  0.0000e+00
 2.7778e+01  0.0000e+00 6  0.0000e+00  0.0000e+00  0.0000e+00  0.0000e+00
 2.2727e+01  0.0000e+00 6  0.0000e+00  0.0000e+00  0.0000e+00  0.0000e+00
 1.9231e+01  0.0000e+00 6  0.0000e+00  0.0000e+00  0.0000e+00  0.0000e+00
 1.6667e+01  0.0000e+00 6  0.0000e+00  0.0000e+00  0.0000e+00  0.0000e+00
 1.4706e+01  0.0000e+00 6  0.0000e+00  0.0000e+00  0.0000e+00  0.0000e+00
 1.3158e+01  0.0000e+00 6  0.0000e+00  0.0000e+00  0.0000e+00  0.0000e+00
 1.1905e+01  0.0000e+00 6  0.0000e+00  0.0000e+00  0.0000e+00  0.0000e+00
 1.0870e+01  0.0000e+00 6  0.0000e+00  0.0000e+00  0.0000e+00  0.0000e+00
 1.0000e+01  0.0000e+00 6  0.0000e+00  0.0000e+00  0.0000e+00  0.0000e+00
 9.2593e+00  0.0000e+00 6  0.0000e+00  0.0000e+00  0.0000e+00  0.0000e+00
 8.6207e+00  0.0000e+00 6  0.0000e+00  0.0000e+00  0.0000e+00  0.0000e+00
 8.0645e+00  0.0000e+00 6  0.0000e+00  0.0000e+00  0.0000e+00  0.0000e+00
 7.5758e+00  0.0000e+00 6  0.0000e+00  0.0000e+00  0.0000e+00  0.0000e+00
 7.1429e+00  0.0000e+00 6  0.0000e+00  0.0000e+00  0.0000e+00  0.0000e+00
 6.7568e+00  0.0000e+00 6  0.0000e+00  0.0000e+00  0.0000e+00  0.0000e+00
 6.4103e+00  0.0000e+00 6  0.0000e+00  0.0000e+00  0.0000e+00  0.0000e+00
 6.0976e+00  0.0000e+00 6  0.0000e+00  0.0000e+00  0.0000e+00  0.0000e+00
 5.8140e+00  0.0000e+00 6  0.0000e+00  0.0000e+00  0.0000e+00  0.0000e+00
 5.5556e+00  0.0000e+00 6  0.0000e+00  0.0000e+00  0.0000e+00  0.0000e+00
 5.3191e+00  0.0000e+00 6  0.0000e+00  0.0000e+00  0.0000e+00  0.0000e+00
 5.1020e+00  0.0000e+00 6  0.0000e+00  0.0000e+00  0.0000e+00  0.0000e+00
 4.9020e+00  0.0000e+00 6  0.0000e+00  0.0000e+00  0.0000e+00  0.0000e+00
 4.7170e+00  0.0000e+00 6  0.0000e+00  0.0000e+00  0.0000e+00  0.0000e+00
 4.5455e+00  0.0000e+00 6  0.0000e+00  0.0000e+00  0.0000e+00  0.0000e+00
 4.3860e+00  0.0000e+00 6  0.0000e+00  0.0000e+00  0.0000e+00  0.0000e+00
 4.2373e+00  0.0000e+00 6  0.0000e+00  0.0000e+00  0.0000e+00  0.0000e+00
 4.0984e+00  0.0000e+00 6  0.0000e+00  0.0000e+00  0.0000e+00  0.0000e+00
 3.9683e+00  0.0000e+00 6  0.0000e+00  0.0000e+00  0.0000e+00  0.0000e+00
 3.8462e+00  0.0000e+00 6  0.0000e+00  0.0000e+00  0.0000e+00  0.0000e+00
 3.7313e+00  0.0000e+00 6  0.0000e+00  0.0000e+00  0.0000e+00  0.0000e+00
 3.6232e+00  0.0000e+00 6  0.0000e+00  0.0000e+00  0.0000e+00  0.0000e+00
 3.5211e+00  0.0000e+00 6  0.0000e+00  0.0000e+00  0.0000e+00  0.0000e+00
 3.4247e+00  0.0000e+00 6  0.0000e+00  0.0000e+00  0.0000e+00  0.0000e+00
 3.3333e+00  0.0000e+00 6  0.0000e+00  0.0000e+00  0.0000e+00  0.0000e+00
 3.2468e+00  0.0000e+00 6  0.0000e+00  0.0000e+00  0.0000e+00  0.0000e+00
