 5.0000e+01  0.0000e+00 1  0.0000e+00  0.0000e+00  0.0000e+00  0.0000e+00
 3.5714e+01  0.0000e+00 1  0.0000e+00  0.0000e+00  0.0000e+00  0.0000e+00
 2.7778e+01  0.0000e+00 1  0.0000e+00  0.0000e+00  0.0000e+00  0.0000e+00
 2.2727e+01  0.0000e+00 1  0.0000e+00  0.0000e+00  0.0000e+00  0.0000e+00
 1.9231e+01  0.0000e+00 1  0.0000e+00  0.0000e+00  0.0000e+00  0.0000e+00
 1.6667e+01  0.0000e+00 1  2.1067e+03  2.9191e+00 -2.0547e+03  4.6492e+02
 1.4706e+01  0.0000e+00 1  2.8918e+01  2.9199e+00 -2.8210e+01  6.3595e+00
 1.3158e+01  0.0000e+00 1  7.5652e-01 -2.0125e+00 -3.2339e-01 -6.8391e-01
 1.1905e+01  0.0000e+00 1  6.2449e-01 -1.5961e+00 -1.5812e-02 -6.2429e-01
 1.0870e+01  0.0000e+00 1  5.2654e-01 -1.5302e+00  2.1354e-02 -5.2611e-01
 1.0000e+01  0.0000e+00 1  4.4342e-01 -1.5040e+00  2.9618e-02 -4.4243e-01
 9.2593e+00  0.0000e+00 1  3.7438e-01 -1.4748e+00  3.5903e-02 -3.7266e-01
 8.6207e+00  0.0000e+00 1  3.1548e-01 -1.4364e+00  4.2278e-02 -3.1264e-01
 8.0645e+00  0.0000e+00 1  2.6539e-01 -1.3898e+00  4.7771e-02 -2.6105e-01
 7.5758e+00  0.0000e+00 1  2.2140e-01 -1.3389e+00  5.0877e-02 -2.1547e-01
 7.1429e+00  0.0000e+00 1  1.8335e-01 -1.2937e+00  5.0157e-02 -1.7636e-01
 6.7568e+00  0.0000e+00 1  1.5085e-01 -1.2546e+00  4.6912e-02 -1.4337e-01
 6.4103e+00  0.0000e+00 1  1.2296e-01 -1.2195e+00  4.2315e-02 -1.1545e-01
 6.0976e+00  0.0000e+00 1  9.9823e-02 -1.1940e+00  3.6727e-02 -9.2821e-02
 5.8140e+00  0.0000e+00 1  8.0263e-02 -1.1763e+00  3.0850e-02 -7.4098e-02
 5.5556e+00  0.0000e+00 1  6.4061e-02 -1.1670e+00  2.5170e-02 -5.8910e-02
 5.3191e+00  0.0000e+00 1  5.0646e-02 -1.1603e+00  2.0209e-02 -4.6439e-02
 5.1020e+00  0.0000e+00 1  3.9436e-02 -1.1425e+00  1.6377e-02 -3.5874e-02
 4.9020e+00  0.0000e+00 1  3.1004e-02 -1.0711e+00  1.4856e-02 -2.7213e-02
 4.7170e+00  0.0000e+00 1  2.7093e-02 -9.2931e-01  1.6212e-02 -2.1707e-02
 4.5455e+00  0.0000e+00 1  2.8611e-02 -9.2155e-01  1.7298e-02 -2.2790e-02
 4.3860e+00  0.0000e+00 1  2.7660e-02 -1.1110e+00  1.2275e-02 -2.4787e-02
 4.2373e+00  0.0000e+00 1  2.3856e-02 -1.3099e+00  6.1536e-03 -2.3049e-02
 4.0984e+00  0.0000e+00 1  1.9862e-02 -1.4609e+00  2.1779e-03 -1.9742e-02
 3.9683e+00  0.0000e+00 1  1.6553e-02 -1.5972e+00 -4.3704e-04 -1.6547e-02
 3.8462e+00  0.0000e+00 1  1.3902e-02 -1.7243e+00 -2.1257e-03 -1.3738e-02
 3.7313e+00  0.0000e+00 1  1.1773e-02 -1.8493e+00 -3.2361e-03 -1.1319e-02
 3.6232e+00  0.0000e+00 1  1.0034e-02 -1.9774e+00 -3.9680e-03 -9.2155e-03
 3.5211e+00  0.0000e+00 1  8.6198e-03 -2.1039e+00 -4.3805e-03 -7.4238e-03
 3.4247e+00  0.0000e+00 1  7.4423e-03 -2.2350e+00 -4.5874e-03 -5.8603e-03
 3.3333e+00  0.0000e+00 1  6.4590e-03 -2.3675e+00 -4.6186e-03 -4.5152e-03
 3.2468e+00  0.0000e+00 1  5.6298e-03 -2.5015e+00 -4.5153e-03 -3.3626e-03
 5.0000e+01  0.0000e+00 2  0.0000e+00  0.0000e+00  0.0000e+00  0.0000e+00
 3.5714e+01  0.0000e+00 2  0.0000e+00  0.0000e+00  0.0000e+00  0.0000e+00
 2.7778e+01  0.0000e+00 2  0.0000e+00  0.0000e+00  0.0000e+00  0.0000e+00
 2.2727e+01  0.0000e+00 2  0.0000e+00  0.0000e+00  0.0000e+00  0.0000e+00
 1.9231e+01  0.0000e+00 2  0.0000e+00  0.0000e+00  0.0000e+00  0.0000e+00
 1.6667e+01  0.0000e+00 2  0.0000e+00  0.0000e+00  0.0000e+00  0.0000e+00
 1.4706e+01  0.0000e+00 2  0.0000e+00  0.0000e+00  0.0000e+00  0.0000e+00
 1.3158e+01  0.0000e+00 2  0.0000e+00  0.0000e+00  0.0000e+00  0.0000e+00
 1.1905e+01  0.0000e+00 2  0.0000e+00  0.0000e+00  0.0000e+00  0.0000e+00
 1.0870e+01  0.0000e+00 2  0.0000e+00  0.0000e+00  0.0000e+00  0.0000e+00
 1.0000e+01  0.0000e+00 2  0.0000e+00  0.0000e+00  0.0000e+00  0.0000e+00
 9.2593e+00  0.0000e+00 2  0.0000e+00  0.0000e+00  0.0000e+00  0.0000e+00
 8.6207e+00  0.0000e+00 2  0.0000e+00  0.0000e+00  0.0000e+00  0.0000e+00
 8.0645e+00  0.0000e+00 2  0.0000e+00  0.0000e+00  0.0000e+00  0.0000e+00
 7.5758e+00  0.0000e+00 2  0.0000e+00  0.0000e+00  0.0000e+00  0.0000e+00
 7.1429e+00  0.0000e+00 2  0.0000e+00  0.0000e+00  0.0000e+00  0.0000e+00
 6.7568e+00  0.0000e+00 2  0.0000e+00  0.0000e+00  0.0000e+00  0.0000e+00
 6.4103e+00  0.0000e+00 2  0.0000e+00  0.0000e+00  0.0000e+00  0.0000e+00
 6.0976e+00  0.0000e+00 2  0.0000e+00  0.0000e+00  0.0000e+00  0.0000e+00
 5.8140e+00  0.0000e+00 2  0.0000e+00  0.0000e+00  0.0000e+00  0.0000e+00
 5.5556e+00  0.0000e+00 2  0.0000e+00  0.0000e+00  0.0000e+00  0.0000e+00
 5.3191e+00  0.0000e+00 2  0.0000e+00  0.0000e+00  0.0000e+00  0.0000e+00
 5.1020e+00  0.0000e+00 2  0.0000e+00  0.0000e+00  0.0000e+00  0.0000e+00
 4.9020e+00  0.0000e+00 2  0.0000e+00  0.0000e+00  0.0000e+00  0.0000e+00
 4.7170e+00  0.0000e+00 2  0.0000e+00  0.0000e+00  0.0000e+00  0.0000e+00
 4.5455e+00  0.0000e+00 2  0.0000e+00  0.0000e+00  0.0000e+00  0.0000e+00
 4.3860e+00  0.0000e+00 2  0.0000e+00  0.0000e+00  0.0000e+00  0.0000e+00
 4.2373e+00  0.0000e+00 2  0.0000e+00  0.0000e+00  0.0000e+00  0.0000e+00
 4.0984e+00  0.0000e+00 2  0.0000e+00  0.0000e+00  0.0000e+00  0.0000e+00
 3.9683e+00  0.0000e+00 2  0.0000e+00  0.0000e+00  0.0000e+00  0.0000e+00
 3.8462e+00  0.0000e+00 2  0.0000e+00  0.0000e+00  0.0000e+00  0.0000e+00
 3.7313e+00  0.0000e+00 2  0.0000e+00  0.0000e+00  0.0000e+00  0.0000e+00
 3.6232e+00  0.0000e+00 2  0.0000e+00  0.0000e+00  0.0000e+00  0.0000e+00
 3.5211e+00  0.0000e+00 2  0.0000e+00  0.0000e+00  0.0000e+00  0.0000e+00
 3.4247e+00  0.0000e+00 2  0.0000e+00  0.0000e+00  0.0000e+00  0.0000e+00
 3.3333e+00  0.0000e+00 2  0.0000e+00  0.0000e+00  0.0000e+00  0.0000e+00
 3.2468e+00  0.0000e+00 2  0.0000e+00  0.0000e+00  0.0000e+00  0.0000e+00
 5.0000e+01  0.0000e+00 3  0.0000e+00  0.0000e+00  0.0000e+00  0.0000e+00
 3.5714e+01  0.0000e+00 3  0.0000e+00  0.0000e+00  0.0000e+00  0.0000e+00
 2.7778e+01  0.0000e+00 3  0.0000e+00  0.0000e+00  0.0000e+00  0.0000e+00
 2.2727e+01  0.0000e+00 3  0.0000e+00  0.0000e+00  0.0000e+00  0.0000e+00
 1.9231e+01  0.0000e+00 3  0.0000e+00  0.0000e+00  0.0000e+00  0.0000e+00
 1.6667e+01  0.0000e+00 3  8.1317e+01 -8.7362e-01  5.2210e+01 -6.2343e+01
 1.4706e+01  0.0000e+00 3  1.7624e-01 -6.2697e-01  1.4272e-01 -1.0340e-01
 1.3158e+01  0.0000e+00 3  5.5500e-04  2.7118e+00 -5.0454e-04  2.3124e-04
 1.1905e+01  0.0000e+00 3  1.5720e-04  2.1414e+00 -8.4913e-05  1.3230e-04
 1.0870e+01  0.0000e+00 3  1.0054e-04  1.7082e+00 -1.3776e-05  9.9592e-05
 1.0000e+01  0.0000e+00 3  7.8930e-05  1.5526e+00  1.4369e-06  7.8917e-05
 9.2593e+00  0.0000e+00 3  5.9776e-05  1.4479e+00  7.3254e-06  5.9325e-05
 8.6207e+00  0.0000e+00 3  4.1009e-05  1.2985e+00  1.1028e-05  3.9499e-05
 8.0645e+00  0.0000e+00 3  2.4364e-05  9.3850e-01  1.4399e-05  1.9654e-05
 7.5758e+00  0.0000e+00 3  1.8015e-05  2.1802e-02  1.8011e-05  3.9274e-07
 7.1429e+00  0.0000e+00 3  2.7962e-05 -6.8939e-01  2.1576e-05 -1.7786e-05
 6.7568e+00  0.0000e+00 3  4.2343e-05 -9.4879e-01  2.4672e-05 -3.4413e-05
 6.4103e+00  0.0000e+00 3  5.6378e-05 -1.0701e+00  2.7061e-05 -4.9459e-05
 6.0976e+00  0.0000e+00 3  6.8948e-05 -1.1527e+00  2.7995e-05 -6.3008e-05
 5.8140e+00  0.0000e+00 3  8.0602e-05 -1.2291e+00  2.7011e-05 -7.5942e-05
 5.5556e+00  0.0000e+00 3  9.2052e-05 -1.3185e+00  2.2980e-05 -8.9138e-05
 5.3191e+00  0.0000e+00 3  1.0470e-04 -1.4391e+00  1.3753e-05 -1.0379e-04
 5.1020e+00  0.0000e+00 3  1.2032e-04 -1.6042e+00 -4.0226e-06 -1.2026e-04
 4.9020e+00  0.0000e+00 3  1.4021e-04 -1.8777e+00 -4.2354e-05 -1.3366e-04
 4.7170e+00  0.0000e+00 3  1.5868e-04 -2.2935e+00 -1.0495e-04 -1.1902e-04
 4.5455e+00  0.0000e+00 3  1.5215e-04 -2.8797e+00 -1.4696e-04 -3.9401e-05
 4.3860e+00  0.0000e+00 3  1.1382e-04  2.8562e+00 -1.0922e-04  3.2041e-05
 4.2373e+00  0.0000e+00 3  7.5786e-05  2.4284e+00 -5.7314e-05  4.9585e-05
 4.0984e+00  0.0000e+00 3  5.0997e-05  2.1548e+00 -2.8119e-05  4.2545e-05
 3.9683e+00  0.0000e+00 3  3.5305e-05  1.9203e+00 -1.2091e-05  3.3170e-05
 3.8462e+00  0.0000e+00 3  2.5352e-05  1.7215e+00 -3.8057e-06  2.5064e-05
 3.7313e+00  0.0000e+00 3  1.8763e-05  1.5393e+00  5.9018e-07  1.8754e-05
 3.6232e+00  0.0000e+00 3  1.4174e-05  1.3624e+00  2.9327e-06  1.3867e-05
 3.5211e+00  0.0000e+00 3  1.0999e-05  1.2054e+00  3.9299e-06  1.0273e-05
 3.4247e+00  0.0000e+00 3  8.6542e-06  1.0553e+00  4.2659e-06  7.5297e-06
 3.3333e+00  0.0000e+00 3  6.9151e-06  9.2436e-01  4.1652e-06  5.5199e-06
 3.2468e+00  0.0000e+00 3  5.5969e-06  8.1698e-01  3.8307e-06  4.0806e-06
 5.0000e+01  0.0000e+00 4  0.0000e+00  0.0000e+00  0.0000e+00  0.0000e+00
 3.5714e+01  0.0000e+00 4  0.0000e+00  0.0000e+00  0.0000e+00  0.0000e+00
 2.7778e+01  0.0000e+00 4  0.0000e+00  0.0000e+00  0.0000e+00  0.0000e+00
 2.2727e+01  0.0000e+00 4  0.0000e+00  0.0000e+00  0.0000e+00  0.0000e+00
 1.9231e+01  0.0000e+00 4  0.0000e+00  0.0000e+00  0.0000e+00  0.0000e+00
 1.6667e+01  0.0000e+00 4  0.0000e+00  0.0000e+00  0.0000e+00  0.0000e+00
 1.4706e+01  0.0000e+00 4  0.0000e+00  0.0000e+00  0.0000e+00  0.0000e+00
 1.3158e+01  0.0000e+00 4  0.0000e+00 -0.0000e+00  0.0000e+00 -0.0000e+00
 1.1905e+01  0.0000e+00 4  0.0000e+00  0.0000e+00  0.0000e+00  0.0000e+00
 1.0870e+01  0.0000e+00 4  0.0000e+00  0.0000e+00  0.0000e+00  0.0000e+00
 1.0000e+01  0.0000e+00 4  0.0000e+00  0.0000e+00  0.0000e+00  0.0000e+00
 9.2593e+00  0.0000e+00 4  0.0000e+00  0.0000e+00  0.0000e+00  0.0000e+00
 8.6207e+00  0.0000e+00 4  0.0000e+00 -0.0000e+00  0.0000e+00 -0.0000e+00
 8.0645e+00  0.0000e+00 4  0.0000e+00  0.0000e+00  0.0000e+00  0.0000e+00
 7.5758e+00  0.0000e+00 4  0.0000e+00  0.0000e+00  0.0000e+00  0.0000e+00
 7.1429e+00  0.0000e+00 4  0.0000e+00  0.0000e+00  0.0000e+00  0.0000e+00
 6.7568e+00  0.0000e+00 4  0.0000e+00  0.0000e+00  0.0000e+00  0.0000e+00
 6.4103e+00  0.0000e+00 4  0.0000e+00 -0.0000e+00  0.0000e+00 -0.0000e+00
 6.0976e+00  0.0000e+00 4  0.0000e+00  0.0000e+00  0.0000e+00  0.0000e+00
 5.8140e+00  0.0000e+00 4  0.0000e+00  0.0000e+00  0.0000e+00  0.0000e+00
 5.5556e+00  0.0000e+00 4  0.0000e+00  0.0000e+00  0.0000e+00  0.0000e+00
 5.3191e+00  0.0000e+00 4  0.0000e+00  0.0000e+00  0.0000e+00  0.0000e+00
 5.1020e+00  0.0000e+00 4  0.0000e+00  0.0000e+00  0.0000e+00  0.0000e+00
 4.9020e+00  0.0000e+00 4  0.0000e+00  0.0000e+00  0.0000e+00  0.0000e+00
 4.7170e+00  0.0000e+00 4  0.0000e+00  0.0000e+00  0.0000e+00  0.0000e+00
 4.5455e+00  0.0000e+00 4  0.0000e+00  0.0000e+00  0.0000e+00  0.0000e+00
 4.3860e+00  0.0000e+00 4  0.0000e+00  0.0000e+00  0.0000e+00  0.0000e+00
 4.2373e+00  0.0000e+00 4  0.0000e+00  0.0000e+00  0.0000e+00  0.0000e+00
 4.0984e+00  0.0000e+00 4  0.0000e+00  0.0000e+00  0.0000e+00  0.0000e+00
 3.9683e+00  0.0000e+00 4  0.0000e+00  0.0000e+00  0.0000e+00  0.0000e+00
 3.8462e+00  0.0000e+00 4  0.0000e+00  0.0000e+00  0.0000e+00  0.0000e+00
 3.7313e+00  0.0000e+00 4  0.0000e+00  0.0000e+00  0.0000e+00  0.0000e+00
 3.6232e+00  0.0000e+00 4  0.0000e+00  0.0000e+00  0.0000e+00  0.0000e+00
 3.5211e+00  0.0000e+00 4  0.0000e+00  0.0000e+00  0.0000e+00  0.0000e+00
 3.4247e+00  0.0000e+00 4  0.0000e+00  0.0000e+00  0.0000e+00  0.0000e+00
 3.3333e+00  0.0000e+00 4  0.0000e+00  0.0000e+00  0.0000e+00  0.0000e+00
 3.2468e+00  0.0000e+00 4  0.0000e+00  0.0000e+00  0.0000e+00  0.0000e+00
 5.0000e+01  0.0000e+00 5  0.0000e+00  0.0000e+00  0.0000e+00  0.0000e+00
 3.5714e+01  0.0000e+00 5  0.0000e+00  0.0000e+00  0.0000e+00  0.0000e+00
 2.7778e+01  0.0000e+00 5  0.0000e+00  0.0000e+00  0.0000e+00  0.0000e+00
 2.2727e+01  0.0000e+00 5  0.0000e+00  0.0000e+00  0.0000e+00  0.0000e+00
 1.9231e+01  0.0000e+00 5  0.0000e+00  0.0000e+00  0.0000e+00  0.0000e+00
 1.6667e+01  0.0000e+00 5  7.0418e+00 -2.9008e-01  6.7476e+00 -2.0142e+00
 1.4706e+01  0.0000e+00 5  1.3384e-01 -2.9384e-01  1.2810e-01 -3.8763e-02
 1.3158e+01  0.0000e+00 5  2.9815e-03 -4.8990e-01  2.6308e-03 -1.4029e-03
 1.1905e+01  0.0000e+00 5  7.6798e-04 -1.0556e+00  3.7836e-04 -6.6831e-04
 1.0870e+01  0.0000e+00 5  4.9021e-04 -1.5122e+00  2.8698e-05 -4.8936e-04
 1.0000e+01  0.0000e+00 5  3.8819e-04 -1.6781e+00 -4.1568e-05 -3.8596e-04
 9.2593e+00  0.0000e+00 5  2.9705e-04 -1.7918e+00 -6.5123e-05 -2.8982e-04
 8.6207e+00  0.0000e+00 5  2.0799e-04 -1.9529e+00 -7.7549e-05 -1.9299e-04
 8.0645e+00  0.0000e+00 5  1.3083e-04 -2.3152e+00 -8.8636e-05 -9.6225e-05
 7.5758e+00  0.0000e+00 5  1.0167e-04 -3.1177e+00 -1.0164e-04 -2.4251e-06
 7.1429e+00  0.0000e+00 5  1.4397e-04  2.5019e+00 -1.1550e-04  8.5948e-05
 6.7568e+00  0.0000e+00 5  2.1025e-04  2.2267e+00 -1.2822e-04  1.6663e-04
 6.4103e+00  0.0000e+00 5  2.7670e-04  2.0950e+00 -1.3850e-04  2.3954e-04
 6.0976e+00  0.0000e+00 5  3.3693e-04  2.0082e+00 -1.4272e-04  3.0521e-04
 5.8140e+00  0.0000e+00 5  3.9323e-04  1.9304e+00 -1.3838e-04  3.6808e-04
 5.5556e+00  0.0000e+00 5  4.4903e-04  1.8414e+00 -1.2005e-04  4.3269e-04
 5.3191e+00  0.0000e+00 5  5.1136e-04  1.7226e+00 -7.7339e-05  5.0548e-04
 5.1020e+00  0.0000e+00 5  5.8935e-04  1.5601e+00  6.2774e-06  5.8932e-04
 4.9020e+00  0.0000e+00 5  6.9156e-04  1.2893e+00  1.9211e-04  6.6434e-04
 4.7170e+00  0.0000e+00 5  7.9156e-04  8.7136e-01  5.0959e-04  6.0570e-04
 4.5455e+00  0.0000e+00 5  7.6541e-04  2.7070e-01  7.3754e-04  2.0467e-04
 4.3860e+00  0.0000e+00 5  5.6904e-04 -2.8941e-01  5.4538e-04 -1.6240e-04
 4.2373e+00  0.0000e+00 5  3.7514e-04 -7.2092e-01  2.8180e-04 -2.4762e-04
 4.0984e+00  0.0000e+00 5  2.5116e-04 -9.9275e-01  1.3723e-04 -2.1035e-04
 3.9683e+00  0.0000e+00 5  1.7336e-04 -1.2252e+00  5.8732e-05 -1.6311e-04
 3.8462e+00  0.0000e+00 5  1.2431e-04 -1.4221e+00  1.8414e-05 -1.2294e-04
 3.7313e+00  0.0000e+00 5  9.1932e-05 -1.6026e+00 -2.9258e-06 -9.1886e-05
 3.6232e+00  0.0000e+00 5  6.9417e-05 -1.7781e+00 -1.4288e-05 -6.7930e-05
 3.5211e+00  0.0000e+00 5  5.3862e-05 -1.9338e+00 -1.9126e-05 -5.0352e-05
 3.4247e+00  0.0000e+00 5  4.2378e-05 -2.0827e+00 -2.0758e-05 -3.6946e-05
 3.3333e+00  0.0000e+00 5  3.3868e-05 -2.2126e+00 -2.0274e-05 -2.7129e-05
 3.2468e+00  0.0000e+00 5  2.7422e-05 -2.3189e+00 -1.8655e-05 -2.0099e-05
 5.0000e+01  0.0000e+00 6  0.0000e+00  0.0000e+00  0.0000e+00  0.0000e+00
 3.5714e+01  0.0000e+00 6  0.0000e+00  0.0000e+00  0.0000e+00  0.0000e+00
 2.7778e+01  0.0000e+00 6  0.0000e+00  0.0000e+00  0.0000e+00  0.0000e+00
 2.2727e+01  0.0000e+00 6  0.0000e+00  0.0000e+00  0.0000e+00  0.0000e+00
 1.9231e+01  0.0000e+00 6  0.0000e+00  0.0000e+00  0.0000e+00  0.0000e+00
 1.6667e+01  0.0000e+00 6  0.0000e+00  0.0000e+00  0.0000e+00  0.0000e+00
 1.4706e+01  0.0000e+00 6  0.0000e+00  0.0000e+00  0.0000e+00  0.0000e+00
 1.3158e+01  0.0000e+00 6  0.0000e+00  0.0000e+00  0.0000e+00  0.0000e+00
 1.1905e+01  0.0000e+00 6  0.0000e+00  0.0000e+00  0.0000e+00  0.0000e+00
 1.0870e+01  0.0000e+00 6  0.0000e+00  0.0000e+00  0.0000e+00  0.0000e+00
 1.0000e+01  0.0000e+00 6  0.0000e+00  0.0000e+00  0.0000e+00  0.0000e+00
 9.2593e+00  0.0000e+00 6  0.0000e+00  0.0000e+00  0.0000e+00  0.0000e+00
 8.6207e+00  0.0000e+00 6  0.0000e+00 -0.0000e+00  0.0000e+00 -0.0000e+00
 8.0645e+00  0.0000e+00 6  0.0000e+00  0.0000e+00  0.0000e+00  0.0000e+00
 7.5758e+00  0.0000e+00 6  0.0000e+00  0.0000e+00  0.0000e+00  0.0000e+00
 7.1429e+00  0.0000e+00 6  0.0000e+00  0.0000e+00  0.0000e+00  0.0000e+00
 6.7568e+00  0.0000e+00 6  0.0000e+00  0.0000e+00  0.0000e+00  0.0000e+00
 6.4103e+00  0.0000e+00 6  0.0000e+00 -0.0000e+00  0.0000e+00 -0.0000e+00
 6.0976e+00  0.0000e+00 6  0.0000e+00  0.0000e+00  0.0000e+00  0.0000e+00
 5.8140e+00  0.0000e+00 6  0.0000e+00  0.0000e+00  0.0000e+00  0.0000e+00
 5.5556e+00  0.0000e+00 6  0.0000e+00  0.0000e+00  0.0000e+00  0.0000e+00
 5.3191e+00  0.0000e+00 6  0.0000e+00  0.0000e+00  0.0000e+00  0.0000e+00
 5.1020e+00  0.0000e+00 6  0.0000e+00  0.0000e+00  0.0000e+00  0.0000e+00
 4.9020e+00  0.0000e+00 6  0.0000e+00  0.0000e+00  0.0000e+00  0.0000e+00
 4.7170e+00  0.0000e+00 6  0.0000e+00  0.0000e+00  0.0000e+00  0.0000e+00
 4.5455e+00  0.0000e+00 6  0.0000e+00  0.0000e+00  0.0000e+00  0.0000e+00
 4.3860e+00  0.0000e+00 6  0.0000e+00  0.0000e+00  0.0000e+00  0.0000e+00
 4.2373e+00  0.0000e+00 6  0.0000e+00  0.0000e+00  0.0000e+00  0.0000e+00
 4.0984e+00  0.0000e+00 6  0.0000e+00  0.0000e+00  0.0000e+00  0.0000e+00
 3.9683e+00  0.0000e+00 6  0.0000e+00  0.0000e+00  0.0000e+00  0.0000e+00
 3.8462e+00  0.0000e+00 6  0.0000e+00  0.0000e+00  0.0000e+00  0.0000e+00
 3.7313e+00  0.0000e+00 6  0.0000e+00  0.0000e+00  0.0000e+00  0.0000e+00
 3.6232e+00  0.0000e+00 6  0.0000e+00 -0.0000e+00  0.0000e+00 -0.0000e+00
 3.5211e+00  0.0000e+00 6  0.0000e+00  0.0000e+00  0.0000e+00  0.0000e+00
 3.4247e+00  0.0000e+00 6  0.0000e+00  0.0000e+00  0.0000e+00  0.0000e+00
 3.3333e+00  0.0000e+00 6  0.0000e+00  0.0000e+00  0.0000e+00  0.0000e+00
 3.2468e+00  0.0000e+00 6  0.0000e+00  0.0000e+00  0.0000e+00  0.0000e+00
