 5.0000e+01  0.0000e+00 1  0.0000e+00  0.0000e+00  0.0000e+00  0.0000e+00
 3.5714e+01  0.0000e+00 1  0.0000e+00  0.0000e+00  0.0000e+00  0.0000e+00
 2.7778e+01  0.0000e+00 1  0.0000e+00  0.0000e+00  0.0000e+00  0.0000e+00
 2.2727e+01  0.0000e+00 1  6.2015e+02 -2.1999e+00 -3.6492e+02 -5.0142e+02
 1.9231e+01  0.0000e+00 1  1.2731e+01 -2.1751e+00 -7.2334e+00 -1.0477e+01
 1.6667e+01  0.0000e+00 1  1.2922e+00 -1.7846e+00 -2.7418e-01 -1.2628e+00
 1.4706e+01  0.0000e+00 1  8.5047e-01 -1.6720e+00 -8.5902e-02 -8.4613e-01
 1.3158e+01  0.0000e+00 1  6.9923e-01 -1.6765e+00 -7.3765e-02 -6.9533e-01
 1.1905e+01  0.0000e+00 1  6.0080e-01 -1.6955e+00 -7.4748e-02 -5.9613e-01
 1.0870e+01  0.0000e+00 1  5.2233e-01 -1.7157e+00 -7.5407e-02 -5.1686e-01
 1.0000e+01  0.0000e+00 1  4.5756e-01 -1.7325e+00 -7.3647e-02 -4.5159e-01
 9.2593e+00  0.0000e+00 1  4.0190e-01 -1.7432e+00 -6.8944e-02 -3.9594e-01
 8.6207e+00  0.0000e+00 1  3.5236e-01 -1.7472e+00 -6.1827e-02 -3.4689e-01
 8.0645e+00  0.0000e+00 1  3.0785e-01 -1.7441e+00 -5.3086e-02 -3.0324e-01
 7.5758e+00  0.0000e+00 1  2.6662e-01 -1.7388e+00 -4.4583e-02 -2.6287e-01
 7.1429e+00  0.0000e+00 1  2.2866e-01 -1.7388e+00 -3.8232e-02 -2.2544e-01
 6.7568e+00  0.0000e+00 1  1.9437e-01 -1.7507e+00 -3.4772e-02 -1.9124e-01
 6.4103e+00  0.0000e+00 1  1.6359e-01 -1.7704e+00 -3.2429e-02 -1.6034e-01
 6.0976e+00  0.0000e+00 1  1.3678e-01 -1.7993e+00 -3.0982e-02 -1.3322e-01
 5.8140e+00  0.0000e+00 1  1.1324e-01 -1.8384e+00 -2.9942e-02 -1.0921e-01
 5.5556e+00  0.0000e+00 1  9.3036e-02 -1.8849e+00 -2.8748e-02 -8.8483e-02
 5.3191e+00  0.0000e+00 1  7.6498e-02 -1.9263e+00 -2.6628e-02 -7.1714e-02
 5.1020e+00  0.0000e+00 1  6.5181e-02 -1.9684e+00 -2.5241e-02 -6.0095e-02
 4.9020e+00  0.0000e+00 1  5.6647e-02 -2.0780e+00 -2.7514e-02 -4.9517e-02
 4.7170e+00  0.0000e+00 1  4.7791e-02 -2.2111e+00 -2.8553e-02 -3.8324e-02
 4.5455e+00  0.0000e+00 1  3.9974e-02 -2.3456e+00 -2.7966e-02 -2.8563e-02
 4.3860e+00  0.0000e+00 1  3.3522e-02 -2.4842e+00 -2.6536e-02 -2.0483e-02
 4.2373e+00  0.0000e+00 1  2.8201e-02 -2.6319e+00 -2.4616e-02 -1.3760e-02
 4.0984e+00  0.0000e+00 1  2.3838e-02 -2.7820e+00 -2.2314e-02 -8.3876e-03
 3.9683e+00  0.0000e+00 1  2.0203e-02 -2.9413e+00 -1.9799e-02 -4.0200e-03
 3.8462e+00  0.0000e+00 1  1.7159e-02 -3.1053e+00 -1.7147e-02 -6.2208e-04
 3.7313e+00  0.0000e+00 1  1.4584e-02  3.0094e+00 -1.4457e-02  1.9218e-03
 3.6232e+00  0.0000e+00 1  1.2389e-02  2.8331e+00 -1.1804e-02  3.7616e-03
 3.5211e+00  0.0000e+00 1  1.0489e-02  2.6572e+00 -9.2822e-03  4.8849e-03
 3.4247e+00  0.0000e+00 1  8.8433e-03  2.4729e+00 -6.9389e-03  5.4823e-03
 3.3333e+00  0.0000e+00 1  7.3991e-03  2.2840e+00 -4.8410e-03  5.5956e-03
 3.2468e+00  0.0000e+00 1  6.1272e-03  2.0892e+00 -3.0360e-03  5.3221e-03
 5.0000e+01  0.0000e+00 2  0.0000e+00  0.0000e+00  0.0000e+00  0.0000e+00
 3.5714e+01  0.0000e+00 2  0.0000e+00  0.0000e+00  0.0000e+00  0.0000e+00
 2.7778e+01  0.0000e+00 2  0.0000e+00  0.0000e+00  0.0000e+00  0.0000e+00
 2.2727e+01  0.0000e+00 2  0.0000e+00  0.0000e+00  0.0000e+00  0.0000e+00
 1.9231e+01  0.0000e+00 2  0.0000e+00  0.0000e+00  0.0000e+00  0.0000e+00
 1.6667e+01  0.0000e+00 2  0.0000e+00  0.0000e+00  0.0000e+00  0.0000e+00
 1.4706e+01  0.0000e+00 2  0.0000e+00  0.0000e+00  0.0000e+00  0.0000e+00
 1.3158e+01  0.0000e+00 2  0.0000e+00  0.0000e+00  0.0000e+00  0.0000e+00
 1.1905e+01  0.0000e+00 2  0.0000e+00  0.0000e+00  0.0000e+00  0.0000e+00
 1.0870e+01  0.0000e+00 2  0.0000e+00  0.0000e+00  0.0000e+00  0.0000e+00
 1.0000e+01  0.0000e+00 2  0.0000e+00  0.0000e+00  0.0000e+00  0.0000e+00
 9.2593e+00  0.0000e+00 2  0.0000e+00  0.0000e+00  0.0000e+00  0.0000e+00
 8.6207e+00  0.0000e+00 2  0.0000e+00  0.0000e+00  0.0000e+00  0.0000e+00
 8.0645e+00  0.0000e+00 2  0.0000e+00  0.0000e+00  0.0000e+00  0.0000e+00
 7.5758e+00  0.0000e+00 2  0.0000e+00  0.0000e+00  0.0000e+00  0.0000e+00
 7.1429e+00  0.0000e+00 2  0.0000e+00  0.0000e+00  0.0000e+00  0.0000e+00
 6.7568e+00  0.0000e+00 2  0.0000e+00  0.0000e+00  0.0000e+00  0.0000e+00
 6.4103e+00  0.0000e+00 2  0.0000e+00  0.0000e+00  0.0000e+00  0.0000e+00
 6.0976e+00  0.0000e+00 2  0.0000e+00  0.0000e+00  0.0000e+00  0.0000e+00
 5.8140e+00  0.0000e+00 2  0.0000e+00  0.0000e+00  0.0000e+00  0.0000e+00
 5.5556e+00  0.0000e+00 2  0.0000e+00  0.0000e+00  0.0000e+00  0.0000e+00
 5.3191e+00  0.0000e+00 2  0.0000e+00  0.0000e+00  0.0000e+00  0.0000e+00
 5.1020e+00  0.0000e+00 2  0.0000e+00  0.0000e+00  0.0000e+00  0.0000e+00
 4.9020e+00  0.0000e+00 2  0.0000e+00  0.0000e+00  0.0000e+00  0.0000e+00
 4.7170e+00  0.0000e+00 2  0.0000e+00  0.0000e+00  0.0000e+00  0.0000e+00
 4.5455e+00  0.0000e+00 2  0.0000e+00  0.0000e+00  0.0000e+00  0.0000e+00
 4.3860e+00  0.0000e+00 2  0.0000e+00  0.0000e+00  0.0000e+00  0.0000e+00
 4.2373e+00  0.0000e+00 2  0.0000e+00  0.0000e+00  0.0000e+00  0.0000e+00
 4.0984e+00  0.0000e+00 2  0.0000e+00  0.0000e+00  0.0000e+00  0.0000e+00
 3.9683e+00  0.0000e+00 2  0.0000e+00  0.0000e+00  0.0000e+00  0.0000e+00
 3.8462e+00  0.0000e+00 2  0.0000e+00  0.0000e+00  0.0000e+00  0.0000e+00
 3.7313e+00  0.0000e+00 2  0.0000e+00  0.0000e+00  0.0000e+00  0.0000e+00
 3.6232e+00  0.0000e+00 2  0.0000e+00  0.0000e+00  0.0000e+00  0.0000e+00
 3.5211e+00  0.0000e+00 2  0.0000e+00  0.0000e+00  0.0000e+00  0.0000e+00
 3.4247e+00  0.0000e+00 2  0.0000e+00  0.0000e+00  0.0000e+00  0.0000e+00
 3.3333e+00  0.0000e+00 2  0.0000e+00  0.0000e+00  0.0000e+00  0.0000e+00
 3.2468e+00  0.0000e+00 2  0.0000e+00  0.0000e+00  0.0000e+00  0.0000e+00
 5.0000e+01  0.0000e+00 3  0.0000e+00  0.0000e+00  0.0000e+00  0.0000e+00
 3.5714e+01  0.0000e+00 3  0.0000e+00  0.0000e+00  0.0000e+00  0.0000e+00
 2.7778e+01  0.0000e+00 3  0.0000e+00  0.0000e+00  0.0000e+00  0.0000e+00
 2.2727e+01  0.0000e+00 3  1.4153e+01  1.2295e+00  4.7369e+00  1.3336e+01
 1.9231e+01  0.0000e+00 3  1.3405e-01  8.5256e-01  8.8211e-02  1.0093e-01
 1.6667e+01  0.0000e+00 3  4.1975e-03  1.5743e-01  4.1456e-03  6.5808e-04
 1.4706e+01  0.0000e+00 3  2.8144e-03 -1.4173e+00  4.3035e-04 -2.7813e-03
 1.3158e+01  0.0000e+00 3  3.0868e-03 -1.6503e+00 -2.4518e-04 -3.0770e-03
 1.1905e+01  0.0000e+00 3  3.0434e-03 -1.7429e+00 -5.2115e-04 -2.9985e-03
 1.0870e+01  0.0000e+00 3  2.9058e-03 -1.8109e+00 -6.9112e-04 -2.8224e-03
 1.0000e+01  0.0000e+00 3  2.6991e-03 -1.8668e+00 -7.8738e-04 -2.5817e-03
 9.2593e+00  0.0000e+00 3  2.4389e-03 -1.9154e+00 -8.2394e-04 -2.2955e-03
 8.6207e+00  0.0000e+00 3  2.1373e-03 -1.9605e+00 -8.1207e-04 -1.9770e-03
 8.0645e+00  0.0000e+00 3  1.7961e-03 -2.0045e+00 -7.5480e-04 -1.6298e-03
 7.5758e+00  0.0000e+00 3  1.4307e-03 -2.0586e+00 -6.7056e-04 -1.2639e-03
 7.1429e+00  0.0000e+00 3  1.0488e-03 -2.1420e+00 -5.6705e-04 -8.8227e-04
 6.7568e+00  0.0000e+00 3  6.6129e-04 -2.3005e+00 -4.4083e-04 -4.9292e-04
 6.4103e+00  0.0000e+00 3  2.9330e-04 -2.7656e+00 -2.7281e-04 -1.0770e-04
 6.0976e+00  0.0000e+00 3  2.6985e-04  1.6279e+00 -1.5409e-05  2.6941e-04
 5.8140e+00  0.0000e+00 3  7.4040e-04  1.0054e+00  3.9669e-04  6.2516e-04
 5.5556e+00  0.0000e+00 3  1.4280e-03  6.4311e-01  1.1427e-03  8.5634e-04
 5.3191e+00  0.0000e+00 3  2.3867e-03  1.3128e-01  2.3662e-03  3.1243e-04
 5.1020e+00  0.0000e+00 3  3.2513e-03 -5.8340e-01  2.7135e-03 -1.7910e-03
 4.9020e+00  0.0000e+00 3  2.6762e-03 -1.2597e+00  8.1930e-04 -2.5477e-03
 4.7170e+00  0.0000e+00 3  1.9845e-03 -1.6938e+00 -2.4352e-04 -1.9695e-03
 4.5455e+00  0.0000e+00 3  1.4985e-03 -1.9448e+00 -5.4741e-04 -1.3949e-03
 4.3860e+00  0.0000e+00 3  1.1874e-03 -2.1147e+00 -6.1452e-04 -1.0160e-03
 4.2373e+00  0.0000e+00 3  9.7297e-04 -2.2427e+00 -6.0563e-04 -7.6150e-04
 4.0984e+00  0.0000e+00 3  8.2411e-04 -2.3327e+00 -5.6890e-04 -5.9625e-04
 3.9683e+00  0.0000e+00 3  7.1242e-04 -2.4030e+00 -5.2678e-04 -4.7963e-04
 3.8462e+00  0.0000e+00 3  6.2925e-04 -2.4537e+00 -4.8614e-04 -3.9954e-04
 3.7313e+00  0.0000e+00 3  5.6684e-04 -2.4899e+00 -4.5066e-04 -3.4382e-04
 3.6232e+00  0.0000e+00 3  5.1958e-04 -2.5168e+00 -4.2143e-04 -3.0391e-04
 3.5211e+00  0.0000e+00 3  4.8577e-04 -2.5375e+00 -3.9980e-04 -2.7592e-04
 3.4247e+00  0.0000e+00 3  4.6074e-04 -2.5577e+00 -3.8439e-04 -2.5401e-04
 3.3333e+00  0.0000e+00 3  4.4274e-04 -2.5804e+00 -3.7483e-04 -2.3563e-04
 3.2468e+00  0.0000e+00 3  4.2960e-04 -2.6087e+00 -3.7003e-04 -2.1827e-04
 5.0000e+01  0.0000e+00 4  0.0000e+00  0.0000e+00  0.0000e+00  0.0000e+00
 3.5714e+01  0.0000e+00 4  0.0000e+00  0.0000e+00  0.0000e+00  0.0000e+00
 2.7778e+01  0.0000e+00 4  0.0000e+00  0.0000e+00  0.0000e+00  0.0000e+00
 2.2727e+01  0.0000e+00 4  0.0000e+00  0.0000e+00  0.0000e+00  0.0000e+00
 1.9231e+01  0.0000e+00 4  0.0000e+00  0.0000e+00  0.0000e+00  0.0000e+00
 1.6667e+01  0.0000e+00 4  0.0000e+00  0.0000e+00  0.0000e+00  0.0000e+00
 1.4706e+01  0.0000e+00 4  0.0000e+00  0.0000e+00  0.0000e+00  0.0000e+00
 1.3158e+01  0.0000e+00 4  0.0000e+00 -0.0000e+00  0.0000e+00 -0.0000e+00
 1.1905e+01  0.0000e+00 4  0.0000e+00  0.0000e+00  0.0000e+00  0.0000e+00
 1.0870e+01  0.0000e+00 4  0.0000e+00  0.0000e+00  0.0000e+00  0.0000e+00
 1.0000e+01  0.0000e+00 4  0.0000e+00  0.0000e+00  0.0000e+00  0.0000e+00
 9.2593e+00  0.0000e+00 4  0.0000e+00  0.0000e+00  0.0000e+00  0.0000e+00
 8.6207e+00  0.0000e+00 4  0.0000e+00 -0.0000e+00  0.0000e+00 -0.0000e+00
 8.0645e+00  0.0000e+00 4  0.0000e+00  0.0000e+00  0.0000e+00  0.0000e+00
 7.5758e+00  0.0000e+00 4  0.0000e+00  0.0000e+00  0.0000e+00  0.0000e+00
 7.1429e+00  0.0000e+00 4  0.0000e+00  0.0000e+00  0.0000e+00  0.0000e+00
 6.7568e+00  0.0000e+00 4  0.0000e+00  0.0000e+00  0.0000e+00  0.0000e+00
 6.4103e+00  0.0000e+00 4  0.0000e+00 -0.0000e+00  0.0000e+00 -0.0000e+00
 6.0976e+00  0.0000e+00 4  0.0000e+00  0.0000e+00  0.0000e+00  0.0000e+00
 5.8140e+00  0.0000e+00 4  0.0000e+00  0.0000e+00  0.0000e+00  0.0000e+00
 5.5556e+00  0.0000e+00 4  0.0000e+00  0.0000e+00  0.0000e+00  0.0000e+00
 5.3191e+00  0.0000e+00 4  0.0000e+00  0.0000e+00  0.0000e+00  0.0000e+00
 5.1020e+00  0.0000e+00 4  0.0000e+00  0.0000e+00  0.0000e+00  0.0000e+00
 4.9020e+00  0.0000e+00 4  0.0000e+00  0.0000e+00  0.0000e+00  0.0000e+00
 4.7170e+00  0.0000e+00 4  0.0000e+00  0.0000e+00  0.0000e+00  0.0000e+00
 4.5455e+00  0.0000e+00 4  0.0000e+00  0.0000e+00  0.0000e+00  0.0000e+00
 4.3860e+00  0.0000e+00 4  0.0000e+00  0.0000e+00  0.0000e+00  0.0000e+00
 4.2373e+00  0.0000e+00 4  0.0000e+00  0.0000e+00  0.0000e+00  0.0000e+00
 4.0984e+00  0.0000e+00 4  0.0000e+00  0.0000e+00  0.0000e+00  0.0000e+00
 3.9683e+00  0.0000e+00 4  0.0000e+00  0.0000e+00  0.0000e+00  0.0000e+00
 3.8462e+00  0.0000e+00 4  0.0000e+00  0.0000e+00  0.0000e+00  0.0000e+00
 3.7313e+00  0.0000e+00 4  0.0000e+00  0.0000e+00  0.0000e+00  0.0000e+00
 3.6232e+00  0.0000e+00 4  0.0000e+00  0.0000e+00  0.0000e+00  0.0000e+00
 3.5211e+00  0.0000e+00 4  0.0000e+00  0.0000e+00  0.0000e+00  0.0000e+00
 3.4247e+00  0.0000e+00 4  0.0000e+00  0.0000e+00  0.0000e+00  0.0000e+00
 3.3333e+00  0.0000e+00 4  0.0000e+00  0.0000e+00  0.0000e+00  0.0000e+00
 3.2468e+00  0.0000e+00 4  0.0000e+00  0.0000e+00  0.0000e+00  0.0000e+00
 5.0000e+01  0.0000e+00 5  0.0000e+00  0.0000e+00  0.0000e+00  0.0000e+00
 3.5714e+01  0.0000e+00 5  0.0000e+00  0.0000e+00  0.0000e+00  0.0000e+00
 2.7778e+01  0.0000e+00 5  0.0000e+00  0.0000e+00  0.0000e+00  0.0000e+00
 2.2727e+01  0.0000e+00 5  9.2876e-01  8.6860e-01  5.9988e-01  7.0904e-01
 1.9231e+01  0.0000e+00 5  2.6453e-02  8.1873e-01  1.8072e-02  1.9318e-02
 1.6667e+01  0.0000e+00 5  8.5323e-04  1.5580e-01  8.4289e-04  1.3240e-04
 1.4706e+01  0.0000e+00 5  5.7343e-04 -1.4180e+00  8.7268e-05 -5.6675e-04
 1.3158e+01  0.0000e+00 5  6.2926e-04 -1.6504e+00 -5.0067e-05 -6.2727e-04
 1.1905e+01  0.0000e+00 5  6.2052e-04 -1.7427e+00 -1.0617e-04 -6.1137e-04
 1.0870e+01  0.0000e+00 5  5.9250e-04 -1.8106e+00 -1.4074e-04 -5.7554e-04
 1.0000e+01  0.0000e+00 5  5.5037e-04 -1.8664e+00 -1.6035e-04 -5.2649e-04
 9.2593e+00  0.0000e+00 5  4.9732e-04 -1.9150e+00 -1.6782e-04 -4.6815e-04
 8.6207e+00  0.0000e+00 5  4.3580e-04 -1.9602e+00 -1.6543e-04 -4.0319e-04
 8.0645e+00  0.0000e+00 5  3.6622e-04 -2.0042e+00 -1.5379e-04 -3.3236e-04
 7.5758e+00  0.0000e+00 5  2.9172e-04 -2.0583e+00 -1.3666e-04 -2.5773e-04
 7.1429e+00  0.0000e+00 5  2.1383e-04 -2.1419e+00 -1.1559e-04 -1.7990e-04
 6.7568e+00  0.0000e+00 5  1.3483e-04 -2.3004e+00 -8.9876e-05 -1.0050e-04
 6.4103e+00  0.0000e+00 5  5.9802e-05 -2.7657e+00 -5.5627e-05 -2.1953e-05
 6.0976e+00  0.0000e+00 5  5.5008e-05  1.6280e+00 -3.1442e-06  5.4918e-05
 5.8140e+00  0.0000e+00 5  1.5090e-04  1.0052e+00  8.0870e-05  1.2740e-04
 5.5556e+00  0.0000e+00 5  2.9097e-04  6.4284e-01  2.3289e-04  1.7443e-04
 5.3191e+00  0.0000e+00 5  4.8615e-04  1.3121e-01  4.8197e-04  6.3603e-05
 5.1020e+00  0.0000e+00 5  6.6218e-04 -5.8289e-01  5.5284e-04 -3.6449e-04
 4.9020e+00  0.0000e+00 5  5.4535e-04 -1.2589e+00  1.6732e-04 -5.1905e-04
 4.7170e+00  0.0000e+00 5  4.0452e-04 -1.6933e+00 -4.9416e-05 -4.0149e-04
 4.5455e+00  0.0000e+00 5  3.0548e-04 -1.9444e+00 -1.1149e-04 -2.8441e-04
 4.3860e+00  0.0000e+00 5  2.4207e-04 -2.1145e+00 -1.2523e-04 -2.0717e-04
 4.2373e+00  0.0000e+00 5  1.9835e-04 -2.2425e+00 -1.2344e-04 -1.5526e-04
 4.0984e+00  0.0000e+00 5  1.6800e-04 -2.3326e+00 -1.1596e-04 -1.2156e-04
 3.9683e+00  0.0000e+00 5  1.4523e-04 -2.4029e+00 -1.0738e-04 -9.7781e-05
 3.8462e+00  0.0000e+00 5  1.2827e-04 -2.4536e+00 -9.9092e-05 -8.1449e-05
 3.7313e+00  0.0000e+00 5  1.1554e-04 -2.4898e+00 -9.1860e-05 -7.0088e-05
 3.6232e+00  0.0000e+00 5  1.0591e-04 -2.5168e+00 -8.5899e-05 -6.1950e-05
 3.5211e+00  0.0000e+00 5  9.9014e-05 -2.5375e+00 -8.1489e-05 -5.6242e-05
 3.4247e+00  0.0000e+00 5  9.3910e-05 -2.5576e+00 -7.8347e-05 -5.1776e-05
 3.3333e+00  0.0000e+00 5  9.0240e-05 -2.5803e+00 -7.6397e-05 -4.8029e-05
 3.2468e+00  0.0000e+00 5  8.7561e-05 -2.6086e+00 -7.5416e-05 -4.4490e-05
 5.0000e+01  0.0000e+00 6  0.0000e+00  0.0000e+00  0.0000e+00  0.0000e+00
 3.5714e+01  0.0000e+00 6  0.0000e+00  0.0000e+00  0.0000e+00  0.0000e+00
 2.7778e+01  0.0000e+00 6  0.0000e+00  0.0000e+00  0.0000e+00  0.0000e+00
 2.2727e+01  0.0000e+00 6  0.0000e+00  0.0000e+00  0.0000e+00  0.0000e+00
 1.9231e+01  0.0000e+00 6  0.0000e+00  0.0000e+00  0.0000e+00  0.0000e+00
 1.6667e+01  0.0000e+00 6  0.0000e+00  0.0000e+00  0.0000e+00  0.0000e+00
 1.4706e+01  0.0000e+00 6  0.0000e+00  0.0000e+00  0.0000e+00  0.0000e+00
 1.3158e+01  0.0000e+00 6  0.0000e+00  0.0000e+00  0.0000e+00  0.0000e+00
 1.1905e+01  0.0000e+00 6  0.0000e+00  0.0000e+00  0.0000e+00  0.0000e+00
 1.0870e+01  0.0000e+00 6  0.0000e+00  0.0000e+00  0.0000e+00  0.0000e+00
 1.0000e+01  0.0000e+00 6  0.0000e+00  0.0000e+00  0.0000e+00  0.0000e+00
 9.2593e+00  0.0000e+00 6  0.0000e+00  0.0000e+00  0.0000e+00  0.0000e+00
 8.6207e+00  0.0000e+00 6  0.0000e+00  0.0000e+00  0.0000e+00  0.0000e+00
 8.0645e+00  0.0000e+00 6  0.0000e+00  0.0000e+00  0.0000e+00  0.0000e+00
 7.5758e+00  0.0000e+00 6  0.0000e+00  0.0000e+00  0.0000e+00  0.0000e+00
 7.1429e+00  0.0000e+00 6  0.0000e+00  0.0000e+00  0.0000e+00  0.0000e+00
 6.7568e+00  0.0000e+00 6  0.0000e+00  0.0000e+00  0.0000e+00  0.0000e+00
 6.4103e+00  0.0000e+00 6  0.0000e+00  0.0000e+00  0.0000e+00  0.0000e+00
 6.0976e+00  0.0000e+00 6  0.0000e+00  0.0000e+00  0.0000e+00  0.0000e+00
 5.8140e+00  0.0000e+00 6  0.0000e+00  0.0000e+00  0.0000e+00  0.0000e+00
 5.5556e+00  0.0000e+00 6  0.0000e+00  0.0000e+00  0.0000e+00  0.0000e+00
 5.3191e+00  0.0000e+00 6  0.0000e+00  0.0000e+00  0.0000e+00  0.0000e+00
 5.1020e+00  0.0000e+00 6  0.0000e+00  0.0000e+00  0.0000e+00  0.0000e+00
 4.9020e+00  0.0000e+00 6  0.0000e+00  0.0000e+00  0.0000e+00  0.0000e+00
 4.7170e+00  0.0000e+00 6  0.0000e+00  0.0000e+00  0.0000e+00  0.0000e+00
 4.5455e+00  0.0000e+00 6  0.0000e+00  0.0000e+00  0.0000e+00  0.0000e+00
 4.3860e+00  0.0000e+00 6  0.0000e+00  0.0000e+00  0.0000e+00  0.0000e+00
 4.2373e+00  0.0000e+00 6  0.0000e+00  0.0000e+00  0.0000e+00  0.0000e+00
 4.0984e+00  0.0000e+00 6  0.0000e+00  0.0000e+00  0.0000e+00  0.0000e+00
 3.9683e+00  0.0000e+00 6  0.0000e+00  0.0000e+00  0.0000e+00  0.0000e+00
 3.8462e+00  0.0000e+00 6  0.0000e+00  0.0000e+00  0.0000e+00  0.0000e+00
 3.7313e+00  0.0000e+00 6  0.0000e+00  0.0000e+00  0.0000e+00  0.0000e+00
 3.6232e+00  0.0000e+00 6  0.0000e+00  0.0000e+00  0.0000e+00  0.0000e+00
 3.5211e+00  0.0000e+00 6  0.0000e+00  0.0000e+00  0.0000e+00  0.0000e+00
 3.4247e+00  0.0000e+00 6  0.0000e+00  0.0000e+00  0.0000e+00  0.0000e+00
 3.3333e+00  0.0000e+00 6  0.0000e+00  0.0000e+00  0.0000e+00  0.0000e+00
 3.2468e+00  0.0000e+00 6  0.0000e+00  0.0000e+00  0.0000e+00  0.0000e+00
