 5.0000e+01  0.0000e+00 1  0.0000e+00  0.0000e+00  0.0000e+00  0.0000e+00
 3.5714e+01  0.0000e+00 1  0.0000e+00  0.0000e+00  0.0000e+00  0.0000e+00
 2.7778e+01  0.0000e+00 1  0.0000e+00  0.0000e+00  0.0000e+00  0.0000e+00
 2.2727e+01  0.0000e+00 1  0.0000e+00  0.0000e+00  0.0000e+00  0.0000e+00
 1.9231e+01  0.0000e+00 1  0.0000e+00  0.0000e+00  0.0000e+00  0.0000e+00
 1.6667e+01  0.0000e+00 1  0.0000e+00  0.0000e+00  0.0000e+00  0.0000e+00
 1.4706e+01  0.0000e+00 1  8.0262e+01  3.1323e+00 -8.0258e+01  7.4688e-01
 1.3158e+01  0.0000e+00 1  1.1211e+00 -2.0537e+00 -5.2052e-01 -9.9289e-01
 1.1905e+01  0.0000e+00 1  8.7816e-01 -1.6090e+00 -3.3543e-02 -8.7752e-01
 1.0870e+01  0.0000e+00 1  7.7307e-01 -1.5454e+00  1.9630e-02 -7.7282e-01
 1.0000e+01  0.0000e+00 1  6.8346e-01 -1.5175e+00  3.6390e-02 -6.8249e-01
 9.2593e+00  0.0000e+00 1  6.0314e-01 -1.4838e+00  5.2394e-02 -6.0086e-01
 8.6207e+00  0.0000e+00 1  5.2836e-01 -1.4411e+00  6.8354e-02 -5.2392e-01
 8.0645e+00  0.0000e+00 1  4.5787e-01 -1.3949e+00  8.0125e-02 -4.5081e-01
 7.5758e+00  0.0000e+00 1  3.9148e-01 -1.3538e+00  8.4291e-02 -3.8229e-01
 7.1429e+00  0.0000e+00 1  3.3103e-01 -1.3234e+00  8.1048e-02 -3.2095e-01
 6.7568e+00  0.0000e+00 1  2.7695e-01 -1.3002e+00  7.4036e-02 -2.6687e-01
 6.4103e+00  0.0000e+00 1  2.2923e-01 -1.2857e+00  6.4476e-02 -2.1997e-01
 6.0976e+00  0.0000e+00 1  1.8898e-01 -1.2850e+00  5.3285e-02 -1.8131e-01
 5.8140e+00  0.0000e+00 1  1.5482e-01 -1.2971e+00  4.1844e-02 -1.4906e-01
 5.5556e+00  0.0000e+00 1  1.2668e-01 -1.3238e+00  3.0966e-02 -1.2283e-01
 5.3191e+00  0.0000e+00 1  1.0372e-01 -1.3646e+00  2.1239e-02 -1.0153e-01
 5.1020e+00  0.0000e+00 1  8.4878e-02 -1.4194e+00  1.2798e-02 -8.3908e-02
 4.9020e+00  0.0000e+00 1  6.9905e-02 -1.4860e+00  5.9194e-03 -6.9653e-02
 4.7170e+00  0.0000e+00 1  5.7644e-02 -1.5654e+00  3.1380e-04 -5.7643e-02
 4.5455e+00  0.0000e+00 1  4.7758e-02 -1.6554e+00 -4.0343e-03 -4.7588e-02
 4.3860e+00  0.0000e+00 1  3.9751e-02 -1.7551e+00 -7.2849e-03 -3.9078e-02
 4.2373e+00  0.0000e+00 1  3.3183e-02 -1.8660e+00 -9.6533e-03 -3.1748e-02
 4.0984e+00  0.0000e+00 1  2.7886e-02 -1.9823e+00 -1.1155e-02 -2.5557e-02
 3.9683e+00  0.0000e+00 1  2.3515e-02 -2.1084e+00 -1.2043e-02 -2.0198e-02
 3.8462e+00  0.0000e+00 1  1.9955e-02 -2.2411e+00 -1.2396e-02 -1.5637e-02
 3.7313e+00  0.0000e+00 1  1.7066e-02 -2.3832e+00 -1.2388e-02 -1.1738e-02
 3.6232e+00  0.0000e+00 1  1.4626e-02 -2.5425e+00 -1.2079e-02 -8.2473e-03
 3.5211e+00  0.0000e+00 1  1.2458e-02 -2.7036e+00 -1.1282e-02 -5.2832e-03
 3.4247e+00  0.0000e+00 1  1.0633e-02 -2.8689e+00 -1.0240e-02 -2.8641e-03
 3.3333e+00  0.0000e+00 1  9.1127e-03 -3.0372e+00 -9.0631e-03 -9.4935e-04
 3.2468e+00  0.0000e+00 1  7.8343e-03  3.0729e+00 -7.8158e-03  5.3772e-04
 5.0000e+01  0.0000e+00 2  0.0000e+00  0.0000e+00  0.0000e+00  0.0000e+00
 3.5714e+01  0.0000e+00 2  0.0000e+00  0.0000e+00  0.0000e+00  0.0000e+00
 2.7778e+01  0.0000e+00 2  0.0000e+00  0.0000e+00  0.0000e+00  0.0000e+00
 2.2727e+01  0.0000e+00 2  0.0000e+00  0.0000e+00  0.0000e+00  0.0000e+00
 1.9231e+01  0.0000e+00 2  0.0000e+00  0.0000e+00  0.0000e+00  0.0000e+00
 1.6667e+01  0.0000e+00 2  0.0000e+00  0.0000e+00  0.0000e+00  0.0000e+00
 1.4706e+01  0.0000e+00 2  1.5530e+00  1.5108e+00  9.3191e-02  1.5502e+00
 1.3158e+01  0.0000e+00 2  1.9239e-02  1.3269e+00  4.6454e-03  1.8670e-02
 1.1905e+01  0.0000e+00 2  4.9498e-03  3.9617e-01  4.5664e-03  1.9101e-03
 1.0870e+01  0.0000e+00 2  5.7398e-03 -1.0572e-01  5.7077e-03 -6.0569e-04
 1.0000e+01  0.0000e+00 2  7.6125e-03 -1.7666e-01  7.4940e-03 -1.3378e-03
 9.2593e+00  0.0000e+00 2  1.0395e-02 -1.7546e-01  1.0235e-02 -1.8145e-03
 8.6207e+00  0.0000e+00 2  1.4809e-02 -1.5606e-01  1.4629e-02 -2.3017e-03
 8.0645e+00  0.0000e+00 2  2.4929e-02 -1.4565e-01  2.4665e-02 -3.6180e-03
 7.5758e+00  0.0000e+00 2  7.6504e-02 -4.5491e-01  6.8724e-02 -3.3615e-02
 7.1429e+00  0.0000e+00 2  5.3888e-02 -2.2005e+00 -3.1735e-02 -4.3552e-02
 6.7568e+00  0.0000e+00 2  2.9046e-02 -3.0063e+00 -2.8780e-02 -3.9163e-03
 6.4103e+00  0.0000e+00 2  1.5059e-02 -3.0446e+00 -1.4988e-02 -1.4578e-03
 6.0976e+00  0.0000e+00 2  1.0006e-02 -3.0624e+00 -9.9751e-03 -7.9123e-04
 5.8140e+00  0.0000e+00 2  7.1279e-03 -3.0875e+00 -7.1175e-03 -3.8554e-04
 5.5556e+00  0.0000e+00 2  5.3768e-03 -3.1239e+00 -5.3759e-03 -9.4891e-05
 5.3191e+00  0.0000e+00 2  4.2074e-03  3.1095e+00 -4.2052e-03  1.3513e-04
 5.1020e+00  0.0000e+00 2  3.3738e-03  3.0448e+00 -3.3581e-03  3.2597e-04
 4.9020e+00  0.0000e+00 2  2.7878e-03  2.9672e+00 -2.7455e-03  4.8368e-04
 4.7170e+00  0.0000e+00 2  2.3470e-03  2.8737e+00 -2.2633e-03  6.2122e-04
 4.5455e+00  0.0000e+00 2  2.0210e-03  2.7645e+00 -1.8790e-03  7.4414e-04
 4.3860e+00  0.0000e+00 2  1.7800e-03  2.6367e+00 -1.5579e-03  8.6104e-04
 4.2373e+00  0.0000e+00 2  1.6057e-03  2.4848e+00 -1.2716e-03  9.8041e-04
 4.0984e+00  0.0000e+00 2  1.4919e-03  2.2974e+00 -9.9117e-04  1.1151e-03
 3.9683e+00  0.0000e+00 2  1.4323e-03  2.0522e+00 -6.6321e-04  1.2695e-03
 3.8462e+00  0.0000e+00 2  1.4148e-03  1.6964e+00 -1.7726e-04  1.4037e-03
 3.7313e+00  0.0000e+00 2  1.3028e-03  1.1426e+00  5.4089e-04  1.1852e-03
 3.6232e+00  0.0000e+00 2  9.5594e-04  3.8122e-01  8.8731e-04  3.5566e-04
 3.5211e+00  0.0000e+00 2  4.7167e-04 -2.1641e-01  4.6067e-04 -1.0128e-04
 3.4247e+00  0.0000e+00 2  1.9389e-04 -7.4456e-01  1.4259e-04 -1.3139e-04
 3.3333e+00  0.0000e+00 2  6.2470e-05 -1.3804e+00  1.1825e-05 -6.1341e-05
 3.2468e+00  0.0000e+00 2  3.2256e-05 -3.0621e+00 -3.2154e-05 -2.5602e-06
 5.0000e+01  0.0000e+00 3  0.0000e+00  0.0000e+00  0.0000e+00  0.0000e+00
 3.5714e+01  0.0000e+00 3  0.0000e+00  0.0000e+00  0.0000e+00  0.0000e+00
 2.7778e+01  0.0000e+00 3  0.0000e+00  0.0000e+00  0.0000e+00  0.0000e+00
 2.2727e+01  0.0000e+00 3  0.0000e+00  0.0000e+00  0.0000e+00  0.0000e+00
 1.9231e+01  0.0000e+00 3  0.0000e+00  0.0000e+00  0.0000e+00  0.0000e+00
 1.6667e+01  0.0000e+00 3  0.0000e+00  0.0000e+00  0.0000e+00  0.0000e+00
 1.4706e+01  0.0000e+00 3  2.1397e-01 -6.7371e-02  2.1349e-01 -1.4405e-02
 1.3158e+01  0.0000e+00 3  1.1349e-03 -2.8597e-01  1.0888e-03 -3.2014e-04
 1.1905e+01  0.0000e+00 3  2.7651e-04 -1.1935e+00  1.0186e-04 -2.5706e-04
 1.0870e+01  0.0000e+00 3  2.4106e-04 -1.6368e+00 -1.5894e-05 -2.4053e-04
 1.0000e+01  0.0000e+00 3  2.2977e-04 -1.7104e+00 -3.1977e-05 -2.2753e-04
 9.2593e+00  0.0000e+00 3  2.1497e-04 -1.7161e+00 -3.1134e-05 -2.1270e-04
 8.6207e+00  0.0000e+00 3  1.9705e-04 -1.6897e+00 -2.3365e-05 -1.9566e-04
 8.0645e+00  0.0000e+00 3  1.7883e-04 -1.5969e+00 -4.6716e-06 -1.7877e-04
 7.5758e+00  0.0000e+00 3  4.3299e-04 -1.4088e+00  6.9828e-05 -4.2732e-04
 7.1429e+00  0.0000e+00 3  3.1721e-04 -1.0831e+00  1.4863e-04 -2.8023e-04
 6.7568e+00  0.0000e+00 3  9.3232e-05 -1.4773e+00  8.7020e-06 -9.2825e-05
 6.4103e+00  0.0000e+00 3  8.1900e-05 -1.7276e+00 -1.2793e-05 -8.0895e-05
 6.0976e+00  0.0000e+00 3  6.8170e-05 -1.8387e+00 -1.8043e-05 -6.5739e-05
 5.8140e+00  0.0000e+00 3  5.6581e-05 -1.9501e+00 -2.0950e-05 -5.2560e-05
 5.5556e+00  0.0000e+00 3  4.7633e-05 -2.0696e+00 -2.2784e-05 -4.1830e-05
 5.3191e+00  0.0000e+00 3  4.1116e-05 -2.1951e+00 -2.4034e-05 -3.3360e-05
 5.1020e+00  0.0000e+00 3  3.6551e-05 -2.3226e+00 -2.4962e-05 -2.6700e-05
 4.9020e+00  0.0000e+00 3  3.3755e-05 -2.4409e+00 -2.5803e-05 -2.1763e-05
 4.7170e+00  0.0000e+00 3  3.2318e-05 -2.5521e+00 -2.6863e-05 -1.7967e-05
 4.5455e+00  0.0000e+00 3  3.2239e-05 -2.6555e+00 -2.8505e-05 -1.5061e-05
 4.3860e+00  0.0000e+00 3  3.3653e-05 -2.7596e+00 -3.1228e-05 -1.2544e-05
 4.2373e+00  0.0000e+00 3  3.6809e-05 -2.8732e+00 -3.5491e-05 -9.7610e-06
 4.0984e+00  0.0000e+00 3  4.2797e-05 -3.0239e+00 -4.2501e-05 -5.0250e-06
 3.9683e+00  0.0000e+00 3  5.2749e-05  3.0507e+00 -5.2531e-05  4.7883e-06
 3.8462e+00  0.0000e+00 3  6.9143e-05  2.7241e+00 -6.3204e-05  2.8037e-05
 3.7313e+00  0.0000e+00 3  8.7476e-05  2.1765e+00 -4.9803e-05  7.1915e-05
 3.6232e+00  0.0000e+00 3  9.2790e-05  1.4561e+00  1.0624e-05  9.2180e-05
 3.5211e+00  0.0000e+00 3  7.0441e-05  8.5682e-01  4.6128e-05  5.3237e-05
 3.4247e+00  0.0000e+00 3  5.2387e-05  4.1385e-01  4.7965e-05  2.1067e-05
 3.3333e+00  0.0000e+00 3  4.0522e-05  8.6936e-02  4.0369e-05  3.5184e-06
 3.2468e+00  0.0000e+00 3  3.3051e-05 -1.9335e-01  3.2435e-05 -6.3507e-06
 5.0000e+01  0.0000e+00 4  0.0000e+00  0.0000e+00  0.0000e+00  0.0000e+00
 3.5714e+01  0.0000e+00 4  0.0000e+00  0.0000e+00  0.0000e+00  0.0000e+00
 2.7778e+01  0.0000e+00 4  0.0000e+00  0.0000e+00  0.0000e+00  0.0000e+00
 2.2727e+01  0.0000e+00 4  0.0000e+00  0.0000e+00  0.0000e+00  0.0000e+00
 1.9231e+01  0.0000e+00 4  0.0000e+00  0.0000e+00  0.0000e+00  0.0000e+00
 1.6667e+01  0.0000e+00 4  0.0000e+00  0.0000e+00  0.0000e+00  0.0000e+00
 1.4706e+01  0.0000e+00 4  2.0420e-05  1.5272e+00  8.8953e-07  2.0401e-05
 1.3158e+01  0.0000e+00 4  2.1004e-07  1.3386e+00  4.8341e-08  2.0441e-07
 1.1905e+01  0.0000e+00 4  4.5038e-08  4.3346e-01  4.0872e-08  1.8917e-08
 1.0870e+01  0.0000e+00 4  3.7701e-08 -5.9442e-02  3.7635e-08 -2.2397e-09
 1.0000e+01  0.0000e+00 4  2.9787e-08 -9.6772e-02  2.9648e-08 -2.8781e-09
 9.2593e+00  0.0000e+00 4  1.0927e-08  1.3844e-01  1.0822e-08  1.5078e-09
 8.6207e+00  0.0000e+00 4  2.9395e-08  2.8040e+00 -2.7736e-08  9.7361e-09
 8.0645e+00  0.0000e+00 4  1.3535e-07  2.9218e+00 -1.3210e-07  2.9510e-08
 7.5758e+00  0.0000e+00 4  7.2039e-07  2.6052e+00 -6.1923e-07  3.6812e-07
 7.1429e+00  0.0000e+00 4  6.9722e-07  7.6922e-01  5.0092e-07  4.8497e-07
 6.7568e+00  0.0000e+00 4  4.6952e-07  9.9055e-02  4.6721e-07  4.6432e-08
 6.4103e+00  0.0000e+00 4  3.1075e-07  6.5634e-02  3.1008e-07  2.0381e-08
 6.0976e+00  0.0000e+00 4  2.4954e-07  4.9628e-02  2.4923e-07  1.2379e-08
 5.8140e+00  0.0000e+00 4  2.1180e-07  2.6153e-02  2.1173e-07  5.5387e-09
 5.5556e+00  0.0000e+00 4  1.8640e-07 -9.4355e-03  1.8639e-07 -1.7588e-09
 5.3191e+00  0.0000e+00 4  1.6773e-07 -5.8856e-02  1.6744e-07 -9.8660e-09
 5.1020e+00  0.0000e+00 4  1.5333e-07 -1.2236e-01  1.5218e-07 -1.8714e-08
 4.9020e+00  0.0000e+00 4  1.4247e-07 -2.0066e-01  1.3962e-07 -2.8398e-08
 4.7170e+00  0.0000e+00 4  1.3418e-07 -2.9376e-01  1.2843e-07 -3.8851e-08
 4.5455e+00  0.0000e+00 4  1.2829e-07 -4.0300e-01  1.1801e-07 -5.0312e-08
 4.3860e+00  0.0000e+00 4  1.2471e-07 -5.3135e-01  1.0751e-07 -6.3189e-08
 4.2373e+00  0.0000e+00 4  1.2365e-07 -6.8204e-01  9.5989e-08 -7.7947e-08
 4.0984e+00  0.0000e+00 4  1.2558e-07 -8.7119e-01  8.0864e-08 -9.6081e-08
 3.9683e+00  0.0000e+00 4  1.3133e-07 -1.1164e+00  5.7646e-08 -1.1800e-07
 3.8462e+00  0.0000e+00 4  1.4083e-07 -1.4726e+00  1.3808e-08 -1.4015e-07
 3.7313e+00  0.0000e+00 4  1.4008e-07 -2.0293e+00 -6.2008e-08 -1.2561e-07
 3.6232e+00  0.0000e+00 4  1.1106e-07 -2.7854e+00 -1.0409e-07 -3.8730e-08
 3.5211e+00  0.0000e+00 4  5.8661e-08  2.8970e+00 -5.6916e-08  1.4204e-08
 3.4247e+00  0.0000e+00 4  2.5946e-08  2.3740e+00 -1.8670e-08  1.8018e-08
 3.3333e+00  0.0000e+00 4  8.9182e-09  1.7441e+00 -1.5381e-09  8.7845e-09
 3.2468e+00  0.0000e+00 4  4.8367e-09  4.5589e-02  4.8317e-09  2.2042e-10
 5.0000e+01  0.0000e+00 5  0.0000e+00  0.0000e+00  0.0000e+00  0.0000e+00
 3.5714e+01  0.0000e+00 5  0.0000e+00  0.0000e+00  0.0000e+00  0.0000e+00
 2.7778e+01  0.0000e+00 5  0.0000e+00  0.0000e+00  0.0000e+00  0.0000e+00
 2.2727e+01  0.0000e+00 5  0.0000e+00  0.0000e+00  0.0000e+00  0.0000e+00
 1.9231e+01  0.0000e+00 5  0.0000e+00  0.0000e+00  0.0000e+00  0.0000e+00
 1.6667e+01  0.0000e+00 5  0.0000e+00  0.0000e+00  0.0000e+00  0.0000e+00
 1.4706e+01  0.0000e+00 5  1.3847e-01 -5.1840e-02  1.3829e-01 -7.1753e-03
 1.3158e+01  0.0000e+00 5  1.3984e-03 -2.8469e-01  1.3421e-03 -3.9275e-04
 1.1905e+01  0.0000e+00 5  3.4119e-04 -1.1962e+00  1.2485e-04 -3.1753e-04
 1.0870e+01  0.0000e+00 5  2.9776e-04 -1.6412e+00 -2.0934e-05 -2.9702e-04
 1.0000e+01  0.0000e+00 5  2.8359e-04 -1.7179e+00 -4.1575e-05 -2.8052e-04
 9.2593e+00  0.0000e+00 5  2.6490e-04 -1.7316e+00 -4.2419e-05 -2.6148e-04
 8.6207e+00  0.0000e+00 5  2.4202e-04 -1.7249e+00 -3.7156e-05 -2.3915e-04
 8.0645e+00  0.0000e+00 5  2.1563e-04 -1.7138e+00 -3.0733e-05 -2.1343e-04
 7.5758e+00  0.0000e+00 5  1.9068e-04 -1.7245e+00 -2.9191e-05 -1.8844e-04
 7.1429e+00  0.0000e+00 5  1.5351e-04 -1.7525e+00 -2.7733e-05 -1.5098e-04
 6.7568e+00  0.0000e+00 5  1.2700e-04 -1.7618e+00 -2.4107e-05 -1.2469e-04
 6.4103e+00  0.0000e+00 5  1.0479e-04 -1.8101e+00 -2.4834e-05 -1.0180e-04
 6.0976e+00  0.0000e+00 5  8.6054e-05 -1.8815e+00 -2.6312e-05 -8.1932e-05
 5.8140e+00  0.0000e+00 5  7.0921e-05 -1.9750e+00 -2.7889e-05 -6.5207e-05
 5.5556e+00  0.0000e+00 5  5.9467e-05 -2.0856e+00 -2.9278e-05 -5.1761e-05
 5.3191e+00  0.0000e+00 5  5.1185e-05 -2.2060e+00 -3.0369e-05 -4.1203e-05
 5.1020e+00  0.0000e+00 5  4.5398e-05 -2.3301e+00 -3.1254e-05 -3.2927e-05
 4.9020e+00  0.0000e+00 5  4.1854e-05 -2.4464e+00 -3.2142e-05 -2.6808e-05
 4.7170e+00  0.0000e+00 5  4.0015e-05 -2.5561e+00 -3.3351e-05 -2.2112e-05
 4.5455e+00  0.0000e+00 5  3.9876e-05 -2.6585e+00 -3.5312e-05 -1.8524e-05
 4.3860e+00  0.0000e+00 5  4.1595e-05 -2.7617e+00 -3.8630e-05 -1.5423e-05
 4.2373e+00  0.0000e+00 5  4.5474e-05 -2.8746e+00 -4.3864e-05 -1.1996e-05
 4.0984e+00  0.0000e+00 5  5.2862e-05 -3.0248e+00 -5.2503e-05 -6.1581e-06
 3.9683e+00  0.0000e+00 5  6.5152e-05  3.0501e+00 -6.4880e-05  5.9515e-06
 3.8462e+00  0.0000e+00 5  8.5409e-05  2.7237e+00 -7.8058e-05  3.4666e-05
 3.7313e+00  0.0000e+00 5  1.0806e-04  2.1760e+00 -6.1477e-05  8.8862e-05
 3.6232e+00  0.0000e+00 5  1.1459e-04  1.4555e+00  1.3182e-05  1.1383e-04
 3.5211e+00  0.0000e+00 5  8.6983e-05  8.5652e-01  5.6980e-05  6.5722e-05
 3.4247e+00  0.0000e+00 5  6.4693e-05  4.1375e-01  5.9234e-05  2.6010e-05
 3.3333e+00  0.0000e+00 5  5.0047e-05  8.6955e-02  4.9858e-05  4.3463e-06
 3.2468e+00  0.0000e+00 5  4.0825e-05 -1.9327e-01  4.0065e-05 -7.8414e-06
 5.0000e+01  0.0000e+00 6  0.0000e+00  0.0000e+00  0.0000e+00  0.0000e+00
 3.5714e+01  0.0000e+00 6  0.0000e+00  0.0000e+00  0.0000e+00  0.0000e+00
 2.7778e+01  0.0000e+00 6  0.0000e+00  0.0000e+00  0.0000e+00  0.0000e+00
 2.2727e+01  0.0000e+00 6  0.0000e+00  0.0000e+00  0.0000e+00  0.0000e+00
 1.9231e+01  0.0000e+00 6  0.0000e+00  0.0000e+00  0.0000e+00  0.0000e+00
 1.6667e+01  0.0000e+00 6  0.0000e+00  0.0000e+00  0.0000e+00  0.0000e+00
 1.4706e+01  0.0000e+00 6  1.0311e-01  1.5111e+00  6.1521e-03  1.0293e-01
 1.3158e+01  0.0000e+00 6  1.2828e-03  1.3269e+00  3.0973e-04  1.2449e-03
 1.1905e+01  0.0000e+00 6  3.2992e-04  3.9623e-01  3.0436e-04  1.2733e-04
 1.0870e+01  0.0000e+00 6  3.8264e-04 -1.0584e-01  3.8050e-04 -4.0424e-05
 1.0000e+01  0.0000e+00 6  5.0755e-04 -1.7675e-01  4.9964e-04 -8.9243e-05
 9.2593e+00  0.0000e+00 6  6.9311e-04 -1.7552e-01  6.8246e-04 -1.2103e-04
 8.6207e+00  0.0000e+00 6  9.8748e-04 -1.5609e-01  9.7548e-04 -1.5351e-04
 8.0645e+00  0.0000e+00 6  1.6623e-03 -1.4567e-01  1.6447e-03 -2.4129e-04
 7.5758e+00  0.0000e+00 6  5.1017e-03 -4.5493e-01  4.5828e-03 -2.2417e-03
 7.1429e+00  0.0000e+00 6  3.5937e-03 -2.2005e+00 -2.1164e-03 -2.9044e-03
 6.7568e+00  0.0000e+00 6  1.9370e-03 -3.0063e+00 -1.9193e-03 -2.6118e-04
 6.4103e+00  0.0000e+00 6  1.0042e-03 -3.0446e+00 -9.9952e-04 -9.7227e-05
 6.0976e+00  0.0000e+00 6  6.6731e-04 -3.0624e+00 -6.6522e-04 -5.2774e-05
 5.8140e+00  0.0000e+00 6  4.7536e-04 -3.0875e+00 -4.7466e-04 -2.5718e-05
 5.5556e+00  0.0000e+00 6  3.5858e-04 -3.1239e+00 -3.5852e-04 -6.3339e-06
 5.3191e+00  0.0000e+00 6  2.8060e-04  3.1095e+00 -2.8045e-04  9.0076e-06
 5.1020e+00  0.0000e+00 6  2.2501e-04  3.0448e+00 -2.2396e-04  2.1735e-05
 4.9020e+00  0.0000e+00 6  1.8592e-04  2.9672e+00 -1.8311e-04  3.2255e-05
 4.7170e+00  0.0000e+00 6  1.5653e-04  2.8737e+00 -1.5095e-04  4.1428e-05
 4.5455e+00  0.0000e+00 6  1.3479e-04  2.7645e+00 -1.2532e-04  4.9627e-05
 4.3860e+00  0.0000e+00 6  1.1872e-04  2.6367e+00 -1.0391e-04  5.7425e-05
 4.2373e+00  0.0000e+00 6  1.0710e-04  2.4848e+00 -8.4818e-05  6.5388e-05
 4.0984e+00  0.0000e+00 6  9.9511e-05  2.2975e+00 -6.6114e-05  7.4374e-05
 3.9683e+00  0.0000e+00 6  9.5534e-05  2.0523e+00 -4.4242e-05  8.4672e-05
 3.8462e+00  0.0000e+00 6  9.4372e-05  1.6965e+00 -1.1832e-05  9.3627e-05
 3.7313e+00  0.0000e+00 6  8.6901e-05  1.1428e+00  3.6070e-05  7.9061e-05
 3.6232e+00  0.0000e+00 6  6.3769e-05  3.8141e-01  5.9187e-05  2.3737e-05
 3.5211e+00  0.0000e+00 6  3.1467e-05 -2.1612e-01  3.0735e-05 -6.7478e-06
 3.4247e+00  0.0000e+00 6  1.2937e-05 -7.4401e-01  9.5182e-06 -8.7612e-06
 3.3333e+00  0.0000e+00 6  4.1677e-06 -1.3789e+00  7.9490e-07 -4.0912e-06
 3.2468e+00  0.0000e+00 6  2.1469e-06 -3.0615e+00 -2.1400e-06 -1.7171e-07
