 5.0000e+01  0.0000e+00 1  0.0000e+00  0.0000e+00  0.0000e+00  0.0000e+00
 3.5714e+01  0.0000e+00 1  0.0000e+00  0.0000e+00  0.0000e+00  0.0000e+00
 2.7778e+01  0.0000e+00 1  2.2872e+00 -1.4120e+00  3.6173e-01 -2.2584e+00
 2.2727e+01  0.0000e+00 1  2.9029e+00 -1.5036e+00  1.9496e-01 -2.8964e+00
 1.9231e+01  0.0000e+00 1  1.8706e+00 -1.5344e+00  6.8081e-02 -1.8694e+00
 1.6667e+01  0.0000e+00 1  1.4202e+00 -1.5453e+00  3.6272e-02 -1.4197e+00
 1.4706e+01  0.0000e+00 1  1.1649e+00 -1.5488e+00  2.5630e-02 -1.1646e+00
 1.3158e+01  0.0000e+00 1  9.9385e-01 -1.5473e+00  2.3382e-02 -9.9357e-01
 1.1905e+01  0.0000e+00 1  8.6602e-01 -1.5398e+00  2.6847e-02 -8.6561e-01
 1.0870e+01  0.0000e+00 1  7.6248e-01 -1.5242e+00  3.5479e-02 -7.6165e-01
 1.0000e+01  0.0000e+00 1  6.7360e-01 -1.4982e+00  4.8826e-02 -6.7183e-01
 9.2593e+00  0.0000e+00 1  5.9395e-01 -1.4603e+00  6.5482e-02 -5.9033e-01
 8.6207e+00  0.0000e+00 1  5.1996e-01 -1.4118e+00  8.2305e-02 -5.1341e-01
 8.0645e+00  0.0000e+00 1  4.5009e-01 -1.3583e+00  9.4909e-02 -4.3997e-01
 7.5758e+00  0.0000e+00 1  3.8470e-01 -1.3109e+00  9.8868e-02 -3.7178e-01
 7.1429e+00  0.0000e+00 1  3.2509e-01 -1.2730e+00  9.5387e-02 -3.1078e-01
 6.7568e+00  0.0000e+00 1  2.7186e-01 -1.2420e+00  8.7779e-02 -2.5730e-01
 6.4103e+00  0.0000e+00 1  2.2526e-01 -1.2207e+00  7.7259e-02 -2.1160e-01
 6.0976e+00  0.0000e+00 1  1.8537e-01 -1.2115e+00  6.5180e-02 -1.7353e-01
 5.8140e+00  0.0000e+00 1  1.5187e-01 -1.2158e+00  5.2792e-02 -1.4240e-01
 5.5556e+00  0.0000e+00 1  1.2419e-01 -1.2342e+00  4.1019e-02 -1.1723e-01
 5.3191e+00  0.0000e+00 1  1.0167e-01 -1.2666e+00  3.0451e-02 -9.7001e-02
 5.1020e+00  0.0000e+00 1  8.3391e-02 -1.3123e+00  2.1314e-02 -8.0621e-02
 4.9020e+00  0.0000e+00 1  6.8621e-02 -1.3706e+00  1.3645e-02 -6.7250e-02
 4.7170e+00  0.0000e+00 1  5.6703e-02 -1.4406e+00  7.3596e-03 -5.6224e-02
 4.5455e+00  0.0000e+00 1  4.7089e-02 -1.5216e+00  2.3172e-03 -4.7032e-02
 4.3860e+00  0.0000e+00 1  3.9351e-02 -1.6122e+00 -1.6274e-03 -3.9317e-02
 4.2373e+00  0.0000e+00 1  3.3101e-02 -1.7122e+00 -4.6646e-03 -3.2771e-02
 4.0984e+00  0.0000e+00 1  2.8077e-02 -1.8214e+00 -6.9621e-03 -2.7201e-02
 3.9683e+00  0.0000e+00 1  2.4119e-02 -1.9405e+00 -8.7146e-03 -2.2490e-02
 3.8462e+00  0.0000e+00 1  2.1279e-02 -2.0756e+00 -1.0291e-02 -1.8624e-02
 3.7313e+00  0.0000e+00 1  2.0581e-02 -2.3203e+00 -1.4022e-02 -1.5065e-02
 3.6232e+00  0.0000e+00 1  1.0505e-02 -2.6004e+00 -9.0039e-03 -5.4117e-03
 3.5211e+00  0.0000e+00 1  1.0294e-02 -2.4956e+00 -8.2199e-03 -6.1968e-03
 3.4247e+00  0.0000e+00 1  9.2946e-03 -2.6189e+00 -8.0538e-03 -4.6397e-03
 3.3333e+00  0.0000e+00 1  8.1641e-03 -2.7636e+00 -7.5878e-03 -3.0128e-03
 3.2468e+00  0.0000e+00 1  7.1092e-03 -2.9160e+00 -6.9290e-03 -1.5905e-03
 3.1646e+00  0.0000e+00 1  6.1694e-03 -3.0741e+00 -6.1553e-03 -4.1597e-04
 3.0864e+00  0.0000e+00 1  5.3435e-03  3.0458e+00 -5.3190e-03  5.1120e-04
 3.0120e+00  0.0000e+00 1  4.6215e-03  2.8775e+00 -4.4613e-03  1.2062e-03
 2.9412e+00  0.0000e+00 1  3.9911e-03  2.7043e+00 -3.6156e-03  1.6901e-03
 2.8736e+00  0.0000e+00 1  3.4402e-03  2.5269e+00 -2.8104e-03  1.9841e-03
 2.8090e+00  0.0000e+00 1  2.9594e-03  2.3439e+00 -2.0668e-03  2.1181e-03
 2.7473e+00  0.0000e+00 1  2.5401e-03  2.1550e+00 -1.4010e-03  2.1187e-03
 2.6882e+00  0.0000e+00 1  2.1749e-03  1.9596e+00 -8.2445e-04  2.0125e-03
 2.6316e+00  0.0000e+00 1  1.8576e-03  1.7569e+00 -3.4366e-04  1.8255e-03
 2.5773e+00  0.0000e+00 1  1.5822e-03  1.5472e+00  3.7302e-05  1.5817e-03
 2.5253e+00  0.0000e+00 1  1.3448e-03  1.3287e+00  3.2242e-04  1.3056e-03
 2.4752e+00  0.0000e+00 1  1.1414e-03  1.1004e+00  5.1735e-04  1.0175e-03
 2.4272e+00  0.0000e+00 1  9.6854e-04  8.6161e-01  6.3073e-04  7.3502e-04
 2.3810e+00  0.0000e+00 1  8.2281e-04  6.1187e-01  6.7353e-04  4.7262e-04
 2.3364e+00  0.0000e+00 1  7.0055e-04  3.5268e-01  6.5743e-04  2.4198e-04
 2.2936e+00  0.0000e+00 1  5.9930e-04  8.3442e-02  5.9722e-04  4.9949e-05
 2.2523e+00  0.0000e+00 1  5.1606e-04 -1.9423e-01  5.0636e-04 -9.9607e-05
 2.2124e+00  0.0000e+00 1  4.4786e-04 -4.7791e-01  3.9768e-04 -2.0598e-04
 2.1739e+00  0.0000e+00 1  3.9181e-04 -7.6464e-01  2.8274e-04 -2.7124e-04
 2.1368e+00  0.0000e+00 1  3.4481e-04 -1.0500e+00  1.7157e-04 -2.9909e-04
 2.1008e+00  0.0000e+00 1  3.0497e-04 -1.3329e+00  7.1874e-05 -2.9638e-04
 2.0661e+00  0.0000e+00 1  2.7038e-04 -1.6116e+00 -1.1038e-05 -2.7016e-04
 2.0325e+00  0.0000e+00 1  2.3958e-04 -1.8854e+00 -7.4140e-05 -2.2782e-04
 2.0000e+00  0.0000e+00 1  2.1153e-04 -2.1543e+00 -1.1655e-04 -1.7652e-04
 1.9685e+00  0.0000e+00 1  1.8537e-04 -2.4177e+00 -1.3888e-04 -1.2278e-04
 5.0000e+01  0.0000e+00 2  0.0000e+00  0.0000e+00  0.0000e+00  0.0000e+00
 3.5714e+01  0.0000e+00 2  0.0000e+00  0.0000e+00  0.0000e+00  0.0000e+00
 2.7778e+01  0.0000e+00 2  3.3182e-06  2.6458e-03  3.3182e-06  8.7792e-09
 2.2727e+01  0.0000e+00 2  7.4439e-06  3.5111e-03  7.4438e-06  2.6136e-08
 1.9231e+01  0.0000e+00 2  6.3083e-06  4.8857e-03  6.3082e-06  3.0820e-08
 1.6667e+01  0.0000e+00 2  5.1441e-06  6.6622e-03  5.1440e-06  3.4271e-08
 1.4706e+01  0.0000e+00 2  4.0405e-06  8.8352e-03  4.0403e-06  3.5698e-08
 1.3158e+01  0.0000e+00 2  3.0694e-06  1.1355e-02  3.0692e-06  3.4851e-08
 1.1905e+01  0.0000e+00 2  2.2634e-06  1.4173e-02  2.2632e-06  3.2078e-08
 1.0870e+01  0.0000e+00 2  1.6225e-06  1.7311e-02  1.6222e-06  2.8086e-08
 1.0000e+01  0.0000e+00 2  1.1293e-06  2.0873e-02  1.1291e-06  2.3571e-08
 9.2593e+00  0.0000e+00 2  7.6354e-07  2.4964e-02  7.6330e-07  1.9059e-08
 8.6207e+00  0.0000e+00 2  4.9959e-07  2.9812e-02  4.9937e-07  1.4891e-08
 8.0645e+00  0.0000e+00 2  3.1578e-07  3.5656e-02  3.1558e-07  1.1257e-08
 7.5758e+00  0.0000e+00 2  1.9250e-07  4.2814e-02  1.9233e-07  8.2392e-09
 7.1429e+00  0.0000e+00 2  1.1293e-07  5.1742e-02  1.1278e-07  5.8407e-09
 6.7568e+00  0.0000e+00 2  6.3937e-08  6.3005e-02  6.3810e-08  4.0257e-09
 6.4103e+00  0.0000e+00 2  3.4580e-08  7.8105e-02  3.4474e-08  2.6981e-09
 6.0976e+00  0.0000e+00 2  1.7649e-08  1.0005e-01  1.7561e-08  1.7629e-09
 5.8140e+00  0.0000e+00 2  8.2725e-09  1.3666e-01  8.1953e-09  1.1270e-09
 5.5556e+00  0.0000e+00 2  3.3225e-09  2.1470e-01  3.2462e-09  7.0788e-10
 5.3191e+00  0.0000e+00 2  9.3002e-10  4.9395e-01  8.1885e-10  4.4093e-10
 5.1020e+00  0.0000e+00 2  3.8473e-10  2.3548e+00 -2.7166e-10  2.7244e-10
 4.9020e+00  0.0000e+00 2  6.8071e-10  2.8932e+00 -6.5981e-10  1.6736e-10
 4.7170e+00  0.0000e+00 2  7.1021e-10  2.9972e+00 -7.0282e-10  1.0218e-10
 4.5455e+00  0.0000e+00 2  6.0087e-10  3.0386e+00 -5.9768e-10  6.1803e-11
 4.3860e+00  0.0000e+00 2  4.5087e-10  3.0594e+00 -4.4935e-10  3.7006e-11
 4.2373e+00  0.0000e+00 2  3.1052e-10  3.0717e+00 -3.0976e-10  2.1691e-11
 4.0984e+00  0.0000e+00 2  1.9896e-10  3.0795e+00 -1.9857e-10  1.2355e-11
 3.9683e+00  0.0000e+00 2  1.1938e-10  3.0848e+00 -1.1919e-10  6.7783e-12
 3.8462e+00  0.0000e+00 2  6.7297e-11  3.0894e+00 -6.7206e-11  3.5095e-12
 3.7313e+00  0.0000e+00 2  3.5992e-11  3.1026e+00 -3.5965e-11  1.4019e-12
 3.6232e+00  0.0000e+00 2  1.8951e-11  3.0888e+00 -1.8925e-11  9.9932e-13
 3.5211e+00  0.0000e+00 2  9.1066e-12  3.0777e+00 -9.0880e-12  5.8159e-13
 3.4247e+00  0.0000e+00 2  4.2491e-12  3.0672e+00 -4.2373e-12  3.1573e-13
 3.3333e+00  0.0000e+00 2  1.9263e-12  3.0446e+00 -1.9173e-12  1.8648e-13
 3.2468e+00  0.0000e+00 2  8.6651e-13  2.9982e+00 -8.5762e-13  1.2383e-13
 3.1646e+00  0.0000e+00 2  3.8488e-13  2.9028e+00 -3.7396e-13  9.1022e-14
 3.0864e+00  0.0000e+00 2  1.7007e-13  2.7065e+00 -1.5423e-13  7.1680e-14
 3.0120e+00  0.0000e+00 2  7.9019e-14  2.3126e+00 -5.3385e-14  5.8258e-14
 2.9412e+00  0.0000e+00 2  4.7805e-14  1.7010e+00 -6.2084e-15  4.7400e-14
 2.8736e+00  0.0000e+00 2  4.0951e-14  1.1692e+00  1.6009e-14  3.7693e-14
 2.8090e+00  0.0000e+00 2  3.9041e-14  8.2109e-01  2.6604e-14  2.8574e-14
 2.7473e+00  0.0000e+00 2  3.7031e-14  5.6787e-01  3.1218e-14  1.9917e-14
 2.6882e+00  0.0000e+00 2  3.4522e-14  3.4827e-01  3.2449e-14  1.1781e-14
 2.6316e+00  0.0000e+00 2  3.1809e-14  1.3601e-01  3.1516e-14  4.3132e-15
 2.5773e+00  0.0000e+00 2  2.9103e-14 -7.8829e-02  2.9013e-14 -2.2918e-15
 2.5253e+00  0.0000e+00 2  2.6549e-14 -3.0113e-01  2.5355e-14 -7.8746e-15
 2.4752e+00  0.0000e+00 2  2.4196e-14 -5.3277e-01  2.0843e-14 -1.2290e-14
 2.4272e+00  0.0000e+00 2  2.2065e-14 -7.7474e-01  1.5767e-14 -1.5435e-14
 2.3810e+00  0.0000e+00 2  2.0165e-14 -1.0275e+00  1.0424e-14 -1.7262e-14
 2.3364e+00  0.0000e+00 2  1.8482e-14 -1.2904e+00  5.1143e-15 -1.7760e-14
 2.2936e+00  0.0000e+00 2  1.7037e-14 -1.5633e+00  1.2787e-16 -1.7036e-14
 2.2523e+00  0.0000e+00 2  1.5825e-14 -1.8445e+00 -4.2781e-15 -1.5236e-14
 2.2124e+00  0.0000e+00 2  1.4829e-14 -2.1317e+00 -7.8887e-15 -1.2557e-14
 2.1739e+00  0.0000e+00 2  1.4023e-14 -2.4219e+00 -1.0545e-14 -9.2432e-15
 2.1368e+00  0.0000e+00 2  1.3350e-14 -2.7115e+00 -1.2134e-14 -5.5663e-15
 2.1008e+00  0.0000e+00 2  1.2789e-14 -2.9987e+00 -1.2658e-14 -1.8214e-15
 2.0661e+00  0.0000e+00 2  1.2296e-14  3.0014e+00 -1.2176e-14  1.7180e-15
 2.0325e+00  0.0000e+00 2  1.1833e-14  2.7232e+00 -1.0812e-14  4.8075e-15
 2.0000e+00  0.0000e+00 2  1.1365e-14  2.4497e+00 -8.7514e-15  7.2502e-15
 1.9685e+00  0.0000e+00 2  1.0850e-14  2.1807e+00 -6.2149e-15  8.8931e-15
 5.0000e+01  0.0000e+00 3  0.0000e+00  0.0000e+00  0.0000e+00  0.0000e+00
 3.5714e+01  0.0000e+00 3  0.0000e+00  0.0000e+00  0.0000e+00  0.0000e+00
 2.7778e+01  0.0000e+00 3  1.3382e-06  2.6497e-03  1.3382e-06  3.5457e-09
 2.2727e+01  0.0000e+00 3  3.0022e-06  3.5156e-03  3.0021e-06  1.0554e-08
 1.9231e+01  0.0000e+00 3  2.5444e-06  4.8906e-03  2.5444e-06  1.2444e-08
 1.6667e+01  0.0000e+00 3  2.0750e-06  6.6676e-03  2.0750e-06  1.3835e-08
 1.4706e+01  0.0000e+00 3  1.6300e-06  8.8409e-03  1.6300e-06  1.4411e-08
 1.3158e+01  0.0000e+00 3  1.2384e-06  1.1361e-02  1.2383e-06  1.4069e-08
 1.1905e+01  0.0000e+00 3  9.1335e-07  1.4179e-02  9.1326e-07  1.2950e-08
 1.0870e+01  0.0000e+00 3  6.5482e-07  1.7317e-02  6.5472e-07  1.1339e-08
 1.0000e+01  0.0000e+00 3  4.5585e-07  2.0878e-02  4.5575e-07  9.5166e-09
 9.2593e+00  0.0000e+00 3  3.0826e-07  2.4968e-02  3.0817e-07  7.6959e-09
 8.6207e+00  0.0000e+00 3  2.0174e-07  2.9814e-02  2.0165e-07  6.0137e-09
 8.0645e+00  0.0000e+00 3  1.2754e-07  3.5653e-02  1.2746e-07  4.5462e-09
 7.5758e+00  0.0000e+00 3  7.7764e-08  4.2800e-02  7.7693e-08  3.3273e-09
 7.1429e+00  0.0000e+00 3  4.5632e-08  5.1738e-02  4.5571e-08  2.3599e-09
 6.7568e+00  0.0000e+00 3  2.5841e-08  6.3000e-02  2.5790e-08  1.6269e-09
 6.4103e+00  0.0000e+00 3  1.3979e-08  7.8097e-02  1.3937e-08  1.0906e-09
 6.0976e+00  0.0000e+00 3  7.1369e-09  1.0004e-01  7.1013e-09  7.1282e-10
 5.8140e+00  0.0000e+00 3  3.3462e-09  1.3664e-01  3.3150e-09  4.5581e-10
 5.5556e+00  0.0000e+00 3  1.3443e-09  2.1469e-01  1.3135e-09  2.8640e-10
 5.3191e+00  0.0000e+00 3  3.7642e-10  4.9393e-01  3.3143e-10  1.7845e-10
 5.1020e+00  0.0000e+00 3  1.5577e-10  2.3547e+00 -1.0998e-10  1.1031e-10
 4.9020e+00  0.0000e+00 3  2.7569e-10  2.8931e+00 -2.6723e-10  6.7793e-11
 4.7170e+00  0.0000e+00 3  2.8774e-10  2.9972e+00 -2.8475e-10  4.1411e-11
 4.5455e+00  0.0000e+00 3  2.4353e-10  3.0385e+00 -2.4224e-10  2.5060e-11
 4.3860e+00  0.0000e+00 3  1.8280e-10  3.0594e+00 -1.8219e-10  1.5014e-11
 4.2373e+00  0.0000e+00 3  1.2595e-10  3.0716e+00 -1.2564e-10  8.8053e-12
 4.0984e+00  0.0000e+00 3  8.0731e-11  3.0794e+00 -8.0575e-11  5.0185e-12
 3.9683e+00  0.0000e+00 3  4.8461e-11  3.0847e+00 -4.8383e-11  2.7551e-12
 3.8462e+00  0.0000e+00 3  2.7330e-11  3.0893e+00 -2.7293e-11  1.4274e-12
 3.7313e+00  0.0000e+00 3  1.4623e-11  3.1025e+00 -1.4612e-11  5.7106e-13
 3.6232e+00  0.0000e+00 3  7.7026e-12  3.0888e+00 -7.6918e-12  4.0675e-13
 3.5211e+00  0.0000e+00 3  3.7031e-12  3.0776e+00 -3.6955e-12  2.3664e-13
 3.4247e+00  0.0000e+00 3  1.7286e-12  3.0672e+00 -1.7238e-12  1.2840e-13
 3.3333e+00  0.0000e+00 3  7.8401e-13  3.0448e+00 -7.8034e-13  7.5764e-14
 3.2468e+00  0.0000e+00 3  3.5282e-13  2.9987e+00 -3.4922e-13  5.0252e-14
 3.1646e+00  0.0000e+00 3  1.5677e-13  2.9039e+00 -1.5236e-13  3.6907e-14
 3.0864e+00  0.0000e+00 3  6.9278e-14  2.7089e+00 -6.2892e-14  2.9052e-14
 3.0120e+00  0.0000e+00 3  3.2147e-14  2.3167e+00 -2.1816e-14  2.3612e-14
 2.9412e+00  0.0000e+00 3  1.9391e-14  1.7049e+00 -2.5924e-15  1.9217e-14
 2.8736e+00  0.0000e+00 3  1.6599e-14  1.1707e+00  6.4658e-15  1.5288e-14
 2.8090e+00  0.0000e+00 3  1.5839e-14  8.2131e-01  1.0791e-14  1.1595e-14
 2.7473e+00  0.0000e+00 3  1.5039e-14  5.6763e-01  1.2680e-14  8.0855e-15
 2.6882e+00  0.0000e+00 3  1.4033e-14  3.4787e-01  1.3192e-14  4.7838e-15
 2.6316e+00  0.0000e+00 3  1.2942e-14  1.3556e-01  1.2823e-14  1.7490e-15
 2.5773e+00  0.0000e+00 3  1.1850e-14 -7.9312e-02  1.1813e-14 -9.3888e-16
 2.5253e+00  0.0000e+00 3  1.0819e-14 -3.0164e-01  1.0331e-14 -3.2142e-15
 2.4752e+00  0.0000e+00 3  9.8682e-15 -5.3330e-01  8.4978e-15 -5.0167e-15
 2.4272e+00  0.0000e+00 3  9.0061e-15 -7.7529e-01  6.4324e-15 -6.3036e-15
 2.3810e+00  0.0000e+00 3  8.2375e-15 -1.0281e+00  4.2542e-15 -7.0539e-15
 2.3364e+00  0.0000e+00 3  7.5559e-15 -1.2910e+00  2.0867e-15 -7.2621e-15
 2.2936e+00  0.0000e+00 3  6.9710e-15 -1.5639e+00  4.8088e-17 -6.9709e-15
 2.2523e+00  0.0000e+00 3  6.4804e-15 -1.8452e+00 -1.7558e-15 -6.2380e-15
 2.2124e+00  0.0000e+00 3  6.0776e-15 -2.1324e+00 -3.2365e-15 -5.1442e-15
 2.1739e+00  0.0000e+00 3  5.7519e-15 -2.4226e+00 -4.3279e-15 -3.7886e-15
 2.1368e+00  0.0000e+00 3  5.4804e-15 -2.7122e+00 -4.9828e-15 -2.2817e-15
 2.1008e+00  0.0000e+00 3  5.2544e-15 -2.9994e+00 -5.2014e-15 -7.4464e-16
 2.0661e+00  0.0000e+00 3  5.0563e-15  3.0007e+00 -5.0062e-15  7.1011e-16
 2.0325e+00  0.0000e+00 3  4.8698e-15  2.7225e+00 -4.4483e-15  1.9819e-15
 2.0000e+00  0.0000e+00 3  4.6809e-15  2.4490e+00 -3.6023e-15  2.9891e-15
 1.9685e+00  0.0000e+00 3  4.4726e-15  2.1800e+00 -2.5591e-15  3.6681e-15
 5.0000e+01  0.0000e+00 4  0.0000e+00  0.0000e+00  0.0000e+00  0.0000e+00
 3.5714e+01  0.0000e+00 4  0.0000e+00  0.0000e+00  0.0000e+00  0.0000e+00
 2.7778e+01  0.0000e+00 4  1.7350e-09 -1.2011e-03  1.7350e-09 -2.0838e-12
 2.2727e+01  0.0000e+00 4  3.9305e-09 -9.8713e-04  3.9305e-09 -3.8799e-12
 1.9231e+01  0.0000e+00 4  3.3781e-09 -4.1080e-04  3.3781e-09 -1.3877e-12
 1.6667e+01  0.0000e+00 4  2.7997e-09  5.7491e-04  2.7997e-09  1.6096e-12
 1.4706e+01  0.0000e+00 4  2.2394e-09  1.9736e-03  2.2394e-09  4.4197e-12
 1.3158e+01  0.0000e+00 4  1.7357e-09  3.7290e-03  1.7357e-09  6.4725e-12
 1.1905e+01  0.0000e+00 4  1.3083e-09  5.7930e-03  1.3083e-09  7.5791e-12
 1.0870e+01  0.0000e+00 4  9.6036e-10  8.1873e-03  9.6033e-10  7.8626e-12
 1.0000e+01  0.0000e+00 4  6.8561e-10  1.1016e-02  6.8557e-10  7.5528e-12
 9.2593e+00  0.0000e+00 4  4.7602e-10  1.4406e-02  4.7597e-10  6.8574e-12
 8.6207e+00  0.0000e+00 4  3.2024e-10  1.8607e-02  3.2018e-10  5.9583e-12
 8.0645e+00  0.0000e+00 4  2.0827e-10  2.4327e-02  2.0820e-10  5.0659e-12
 7.5758e+00  0.0000e+00 4  1.3136e-10  3.2115e-02  1.3129e-10  4.2179e-12
 7.1429e+00  0.0000e+00 4  7.9486e-11  3.8589e-02  7.9427e-11  3.0665e-12
 6.7568e+00  0.0000e+00 4  4.6463e-11  4.9047e-02  4.6407e-11  2.2779e-12
 6.4103e+00  0.0000e+00 4  2.5974e-11  6.3442e-02  2.5922e-11  1.6467e-12
 6.0976e+00  0.0000e+00 4  1.3715e-11  8.4708e-02  1.3666e-11  1.1604e-12
 5.8140e+00  0.0000e+00 4  6.6567e-12  1.2062e-01  6.6084e-12  8.0100e-13
 5.5556e+00  0.0000e+00 4  2.7708e-12  1.9793e-01  2.7167e-12  5.4486e-13
 5.3191e+00  0.0000e+00 4  8.0292e-13  4.7686e-01  7.1334e-13  3.6853e-13
 5.1020e+00  0.0000e+00 4  3.4539e-13  2.3394e+00 -2.4009e-13  2.4830e-13
 4.9020e+00  0.0000e+00 4  6.3373e-13  2.8752e+00 -6.1137e-13  1.6684e-13
 4.7170e+00  0.0000e+00 4  6.8599e-13  2.9783e+00 -6.7686e-13  1.1153e-13
 4.5455e+00  0.0000e+00 4  6.0251e-13  3.0189e+00 -5.9798e-13  7.3755e-14
 4.3860e+00  0.0000e+00 4  4.6937e-13  3.0391e+00 -4.6690e-13  4.8041e-14
 4.2373e+00  0.0000e+00 4  3.3569e-13  3.0506e+00 -3.3430e-13  3.0494e-14
 4.0984e+00  0.0000e+00 4  2.2342e-13  3.0577e+00 -2.2263e-13  1.8725e-14
 3.9683e+00  0.0000e+00 4  1.3929e-13  3.0623e+00 -1.3885e-13  1.1040e-14
 3.8462e+00  0.0000e+00 4  8.1616e-14  3.0661e+00 -8.1384e-14  6.1537e-15
 3.7313e+00  0.0000e+00 4  4.5340e-14  3.0796e+00 -4.5253e-14  2.8092e-15
 3.6232e+00  0.0000e+00 4  2.4924e-14  3.0624e+00 -2.4846e-14  1.9723e-15
 3.5211e+00  0.0000e+00 4  1.2445e-14  3.0471e+00 -1.2390e-14  1.1745e-15
 3.4247e+00  0.0000e+00 4  6.0481e-15  3.0307e+00 -6.0109e-15  6.6945e-16
 3.3333e+00  0.0000e+00 4  2.8614e-15  2.9969e+00 -2.8315e-15  4.1268e-16
 3.2468e+00  0.0000e+00 4  1.3451e-15  2.9292e+00 -1.3149e-15  2.8349e-16
 3.1646e+00  0.0000e+00 4  6.2854e-16  2.7941e+00 -5.9096e-16  2.1407e-16
 3.0864e+00  0.0000e+00 4  2.9965e-16  2.5287e+00 -2.4512e-16  1.7236e-16
 3.0120e+00  0.0000e+00 4  1.6214e-16  2.0635e+00 -7.6694e-17  1.4285e-16
 2.9412e+00  0.0000e+00 4  1.1861e-16  1.5034e+00  7.9837e-18  1.1835e-16
 2.8736e+00  0.0000e+00 4  1.0870e-16  1.0766e+00  5.1562e-17  9.5688e-17
 2.8090e+00  0.0000e+00 4  1.0481e-16  7.7865e-01  7.4612e-17  7.3611e-17
 2.7473e+00  0.0000e+00 4  1.0049e-16  5.4206e-01  8.6087e-17  5.1844e-17
 2.6882e+00  0.0000e+00 4  9.5253e-17  3.2692e-01  9.0208e-17  3.0588e-17
 2.6316e+00  0.0000e+00 4  8.9586e-17  1.1517e-01  8.8993e-17  1.0295e-17
 2.5773e+00  0.0000e+00 4  8.3839e-17 -1.0054e-01  8.3416e-17 -8.4147e-18
 2.5253e+00  0.0000e+00 4  7.8328e-17 -3.2401e-01  7.4252e-17 -2.4937e-17
 2.4752e+00  0.0000e+00 4  7.3171e-17 -5.5687e-01  6.2116e-17 -3.8673e-17
 2.4272e+00  0.0000e+00 4  6.8442e-17 -8.0005e-01  4.7682e-17 -4.9100e-17
 2.3810e+00  0.0000e+00 4  6.4201e-17 -1.0540e+00  3.1720e-17 -5.5818e-17
 2.3364e+00  0.0000e+00 4  6.0428e-17 -1.3183e+00  1.5095e-17 -5.8512e-17
 2.2936e+00  0.0000e+00 4  5.7241e-17 -1.5926e+00 -1.2484e-18 -5.7228e-17
 2.2523e+00  0.0000e+00 4  5.4668e-17 -1.8752e+00 -1.6387e-17 -5.2154e-17
 2.2124e+00  0.0000e+00 4  5.2702e-17 -2.1637e+00 -2.9450e-17 -4.3705e-17
 2.1739e+00  0.0000e+00 4  5.1298e-17 -2.4552e+00 -3.9680e-17 -3.2510e-17
 2.1368e+00  0.0000e+00 4  5.0292e-17 -2.7464e+00 -4.6415e-17 -1.9363e-17
 2.1008e+00  0.0000e+00 4  4.9641e-17 -3.0351e+00 -4.9360e-17 -5.2764e-18
 2.0661e+00  0.0000e+00 4  4.9204e-17  2.9635e+00 -4.8426e-17  8.7164e-18
 2.0325e+00  0.0000e+00 4  4.8835e-17  2.6838e+00 -4.3807e-17  2.1582e-17
 2.0000e+00  0.0000e+00 4  4.8396e-17  2.4089e+00 -3.5978e-17  3.2370e-17
 1.9685e+00  0.0000e+00 4  4.7695e-17  2.1382e+00 -2.5634e-17  4.0221e-17
 5.0000e+01  0.0000e+00 5  0.0000e+00  0.0000e+00  0.0000e+00  0.0000e+00
 3.5714e+01  0.0000e+00 5  0.0000e+00  0.0000e+00  0.0000e+00  0.0000e+00
 2.7778e+01  0.0000e+00 5  3.4143e-04 -1.4053e+00  5.6237e-05 -3.3677e-04
 2.2727e+01  0.0000e+00 5  5.0080e-04 -1.4979e+00  3.6476e-05 -4.9947e-04
 1.9231e+01  0.0000e+00 5  3.8360e-04 -1.5288e+00  1.6101e-05 -3.8326e-04
 1.6667e+01  0.0000e+00 5  3.4069e-04 -1.5394e+00  1.0696e-05 -3.4053e-04
 1.4706e+01  0.0000e+00 5  3.2069e-04 -1.5423e+00  9.1322e-06 -3.2056e-04
 1.3158e+01  0.0000e+00 5  3.0827e-04 -1.5399e+00  9.5292e-06 -3.0812e-04
 1.1905e+01  0.0000e+00 5  2.9712e-04 -1.5313e+00  1.1733e-05 -2.9689e-04
 1.0870e+01  0.0000e+00 5  2.8414e-04 -1.5145e+00  1.5979e-05 -2.8369e-04
 1.0000e+01  0.0000e+00 5  2.6774e-04 -1.4872e+00  2.2357e-05 -2.6681e-04
 9.2593e+00  0.0000e+00 5  2.4716e-04 -1.4477e+00  3.0355e-05 -2.4529e-04
 8.6207e+00  0.0000e+00 5  2.2252e-04 -1.3972e+00  3.8438e-05 -2.1917e-04
 8.0645e+00  0.0000e+00 5  1.9465e-04 -1.3409e+00  4.4354e-05 -1.8953e-04
 7.5758e+00  0.0000e+00 5  1.6529e-04 -1.2894e+00  4.5906e-05 -1.5878e-04
 7.1429e+00  0.0000e+00 5  1.3653e-04 -1.2457e+00  4.3604e-05 -1.2938e-04
 6.7568e+00  0.0000e+00 5  1.0996e-04 -1.2073e+00  3.9096e-05 -1.0277e-04
 6.4103e+00  0.0000e+00 5  8.6670e-05 -1.1765e+00  3.3296e-05 -8.0019e-05
 6.0976e+00  0.0000e+00 5  6.7268e-05 -1.1556e+00  2.7133e-05 -6.1553e-05
 5.8140e+00  0.0000e+00 5  5.1874e-05 -1.1465e+00  2.1354e-05 -4.7275e-05
 5.5556e+00  0.0000e+00 5  4.0260e-05 -1.1511e+00  1.6407e-05 -3.6765e-05
 5.3191e+00  0.0000e+00 5  3.2065e-05 -1.1719e+00  1.2454e-05 -2.9548e-05
 5.1020e+00  0.0000e+00 5  2.6753e-05 -1.2125e+00  9.3806e-06 -2.5054e-05
 4.9020e+00  0.0000e+00 5  2.3924e-05 -1.2768e+00  6.9337e-06 -2.2897e-05
 4.7170e+00  0.0000e+00 5  2.3316e-05 -1.3655e+00  4.7528e-06 -2.2826e-05
 4.5455e+00  0.0000e+00 5  2.4866e-05 -1.4753e+00  2.3719e-06 -2.4752e-05
 4.3860e+00  0.0000e+00 5  2.8850e-05 -1.6011e+00 -8.7454e-07 -2.8837e-05
 4.2373e+00  0.0000e+00 5  3.6007e-05 -1.7383e+00 -6.0022e-06 -3.5503e-05
 4.0984e+00  0.0000e+00 5  4.8278e-05 -1.8868e+00 -1.5003e-05 -4.5888e-05
 3.9683e+00  0.0000e+00 5  7.0907e-05 -2.0538e+00 -3.2934e-05 -6.2794e-05
 3.8462e+00  0.0000e+00 5  1.2234e-04 -2.2679e+00 -7.8543e-05 -9.3797e-05
 3.7313e+00  0.0000e+00 5  3.3303e-04 -2.8114e+00 -3.1504e-04 -1.0799e-04
 3.6232e+00  0.0000e+00 5  3.6923e-04  1.4407e+00  4.7914e-05  3.6611e-04
 3.5211e+00  0.0000e+00 5  1.4432e-04  8.7008e-01  9.3050e-05  1.1031e-04
 3.4247e+00  0.0000e+00 5  8.9833e-05  6.3200e-01  7.2482e-05  5.3069e-05
 3.3333e+00  0.0000e+00 5  6.5880e-05  4.4049e-01  5.9592e-05  2.8090e-05
 3.2468e+00  0.0000e+00 5  5.2307e-05  2.6314e-01  5.0506e-05  1.3606e-05
 3.1646e+00  0.0000e+00 5  4.3361e-05  8.8627e-02  4.3191e-05  3.8379e-06
 3.0864e+00  0.0000e+00 5  3.6927e-05 -8.6268e-02  3.6789e-05 -3.1816e-06
 3.0120e+00  0.0000e+00 5  3.2006e-05 -2.6319e-01  3.0904e-05 -8.3268e-06
 2.9412e+00  0.0000e+00 5  2.8068e-05 -4.4318e-01  2.5356e-05 -1.2036e-05
 2.8736e+00  0.0000e+00 5  2.4800e-05 -6.2622e-01  2.0094e-05 -1.4535e-05
 2.8090e+00  0.0000e+00 5  2.2020e-05 -8.1388e-01  1.5121e-05 -1.6008e-05
 2.7473e+00  0.0000e+00 5  1.9611e-05 -1.0068e+00  1.0483e-05 -1.6574e-05
 2.6882e+00  0.0000e+00 5  1.7493e-05 -1.2059e+00  6.2433e-06 -1.6341e-05
 2.6316e+00  0.0000e+00 5  1.5617e-05 -1.4118e+00  2.4731e-06 -1.5420e-05
 2.5773e+00  0.0000e+00 5  1.3936e-05 -1.6247e+00 -7.5047e-07 -1.3916e-05
 2.5253e+00  0.0000e+00 5  1.2438e-05 -1.8463e+00 -3.3832e-06 -1.1969e-05
 2.4752e+00  0.0000e+00 5  1.1106e-05 -2.0775e+00 -5.3895e-06 -9.7108e-06
 2.4272e+00  0.0000e+00 5  9.9305e-06 -2.3190e+00 -6.7562e-06 -7.2779e-06
 2.3810e+00  0.0000e+00 5  8.9032e-06 -2.5714e+00 -7.4949e-06 -4.8056e-06
 2.3364e+00  0.0000e+00 5  8.0089e-06 -2.8337e+00 -7.6324e-06 -2.4267e-06
 2.2936e+00  0.0000e+00 5  7.2486e-06 -3.1061e+00 -7.2440e-06 -2.5737e-07
 2.2523e+00  0.0000e+00 5  6.6125e-06  2.8964e+00 -6.4147e-06  1.6053e-06
 2.2124e+00  0.0000e+00 5  6.0876e-06  2.6097e+00 -5.2464e-06  3.0876e-06
 2.1739e+00  0.0000e+00 5  5.6571e-06  2.3199e+00 -3.8526e-06  4.1425e-06
 2.1368e+00  0.0000e+00 5  5.2944e-06  2.0309e+00 -2.3511e-06  4.7437e-06
 2.1008e+00  0.0000e+00 5  4.9873e-06  1.7443e+00 -8.6095e-07  4.9124e-06
 2.0661e+00  0.0000e+00 5  4.7166e-06  1.4617e+00  5.1337e-07  4.6885e-06
 2.0325e+00  0.0000e+00 5  4.4654e-06  1.1840e+00  1.6844e-06  4.1355e-06
 2.0000e+00  0.0000e+00 5  4.2204e-06  9.1099e-01  2.5870e-06  3.3346e-06
 1.9685e+00  0.0000e+00 5  3.9662e-06  6.4259e-01  3.1751e-06  2.3768e-06
 5.0000e+01  0.0000e+00 6  0.0000e+00  0.0000e+00  0.0000e+00  0.0000e+00
 3.5714e+01  0.0000e+00 6  0.0000e+00  0.0000e+00  0.0000e+00  0.0000e+00
 2.7778e+01  0.0000e+00 6  2.7841e-09 -1.5424e-02  2.7838e-09 -4.2940e-11
 2.2727e+01  0.0000e+00 6  9.0837e-09 -1.1619e-02  9.0831e-09 -1.0554e-10
 1.9231e+01  0.0000e+00 6  1.1411e-08 -1.2646e-02  1.1410e-08 -1.4431e-10
 1.6667e+01  0.0000e+00 6  1.3272e-08 -1.4525e-02  1.3270e-08 -1.9276e-10
 1.4706e+01  0.0000e+00 6  1.4534e-08 -1.7004e-02  1.4532e-08 -2.4712e-10
 1.3158e+01  0.0000e+00 6  1.5249e-08 -2.0447e-02  1.5246e-08 -3.1178e-10
 1.1905e+01  0.0000e+00 6  1.5562e-08 -2.5589e-02  1.5557e-08 -3.9818e-10
 1.0870e+01  0.0000e+00 6  1.5670e-08 -3.3708e-02  1.5661e-08 -5.2809e-10
 1.0000e+01  0.0000e+00 6  1.5834e-08 -4.7384e-02  1.5816e-08 -7.4999e-10
 9.2593e+00  0.0000e+00 6  1.6564e-08 -7.3566e-02  1.6519e-08 -1.2175e-09
 8.6207e+00  0.0000e+00 6  1.9299e-08 -1.3558e-01  1.9121e-08 -2.6085e-09
 8.0645e+00  0.0000e+00 6  3.2506e-08 -4.0097e-01  2.9928e-08 -1.2688e-08
 7.5758e+00  0.0000e+00 6  3.2448e-08 -2.3131e+00 -2.1933e-08 -2.3912e-08
 7.1429e+00  0.0000e+00 6  6.8066e-09 -2.8891e+00 -6.5908e-09 -1.7002e-09
 6.7568e+00  0.0000e+00 6  2.4181e-09 -2.9686e+00 -2.3821e-09 -4.1626e-10
 6.4103e+00  0.0000e+00 6  9.7012e-10 -2.9982e+00 -9.6016e-10 -1.3867e-10
 6.0976e+00  0.0000e+00 6  3.9128e-10 -3.0099e+00 -3.8789e-10 -5.1387e-11
 5.8140e+00  0.0000e+00 6  1.4411e-10 -3.0085e+00 -1.4283e-10 -1.9119e-11
 5.5556e+00  0.0000e+00 6  3.8204e-11 -2.9716e+00 -3.7654e-11 -6.4615e-12
 5.3191e+00  0.0000e+00 6  4.8148e-12 -3.5129e-01  4.5208e-12 -1.6568e-12
 5.1020e+00  0.0000e+00 6  1.9189e-11 -7.5723e-04  1.9189e-11 -1.4530e-14
 4.9020e+00  0.0000e+00 6  2.1711e-11  1.4681e-02  2.1709e-11  3.1874e-13
 4.7170e+00  0.0000e+00 6  1.9314e-11  8.2288e-03  1.9313e-11  1.5893e-13
 4.5455e+00  0.0000e+00 6  1.5390e-11 -8.8311e-03  1.5390e-11 -1.3591e-13
 4.3860e+00  0.0000e+00 6  1.1484e-11 -3.6105e-02  1.1476e-11 -4.1454e-13
 4.2373e+00  0.0000e+00 6  8.1915e-12 -7.5950e-02  8.1679e-12 -6.2155e-13
 4.0984e+00  0.0000e+00 6  5.6459e-12 -1.3127e-01  5.5973e-12 -7.3900e-13
 3.9683e+00  0.0000e+00 6  3.7641e-12 -2.0100e-01  3.6883e-12 -7.5149e-13
 3.8462e+00  0.0000e+00 6  2.3433e-12 -2.5415e-01  2.2680e-12 -5.8916e-13
 3.7313e+00  0.0000e+00 6  1.3963e-12  3.2849e-01  1.3217e-12  4.5047e-13
 3.6232e+00  0.0000e+00 6  3.0089e-12 -3.6395e-01  2.8118e-12 -1.0711e-12
 3.5211e+00  0.0000e+00 6  1.7713e-12 -7.5878e-01  1.2854e-12 -1.2187e-12
 3.4247e+00  0.0000e+00 6  1.2915e-12 -9.5613e-01  7.4479e-13 -1.0551e-12
 3.3333e+00  0.0000e+00 6  1.0100e-12 -1.1333e+00  4.2790e-13 -9.1491e-13
 3.2468e+00  0.0000e+00 6  8.1622e-13 -1.3036e+00  2.1549e-13 -7.8726e-13
 3.1646e+00  0.0000e+00 6  6.7084e-13 -1.4729e+00  6.5589e-14 -6.6762e-13
 3.0864e+00  0.0000e+00 6  5.5684e-13 -1.6433e+00 -4.0320e-14 -5.5538e-13
 3.0120e+00  0.0000e+00 6  4.6504e-13 -1.8163e+00 -1.1302e-13 -4.5110e-13
 2.9412e+00  0.0000e+00 6  3.8986e-13 -1.9930e+00 -1.5974e-13 -3.5563e-13
 2.8736e+00  0.0000e+00 6  3.2758e-13 -2.1729e+00 -1.8553e-13 -2.6998e-13
 2.8090e+00  0.0000e+00 6  2.7558e-13 -2.3579e+00 -1.9519e-13 -1.9454e-13
 2.7473e+00  0.0000e+00 6  2.3194e-13 -2.5486e+00 -1.9235e-13 -1.2962e-13
 2.6882e+00  0.0000e+00 6  1.9521e-13 -2.7458e+00 -1.8012e-13 -7.5268e-14
 2.6316e+00  0.0000e+00 6  1.6425e-13 -2.9502e+00 -1.6125e-13 -3.1249e-14
 2.5773e+00  0.0000e+00 6  1.3811e-13  3.1218e+00 -1.3809e-13  2.7335e-15
 2.5253e+00  0.0000e+00 6  1.1612e-13  2.9017e+00 -1.1279e-13  2.7592e-14
 2.4752e+00  0.0000e+00 6  9.7665e-14  2.6717e+00 -8.7081e-14  4.4219e-14
 2.4272e+00  0.0000e+00 6  8.2269e-14  2.4312e+00 -6.2369e-14  5.3649e-14
 2.3810e+00  0.0000e+00 6  6.9505e-14  2.1797e+00 -3.9753e-14  5.7014e-14
 2.3364e+00  0.0000e+00 6  5.8956e-14  1.9186e+00 -2.0096e-14  5.5425e-14
 2.2936e+00  0.0000e+00 6  5.0335e-14  1.6474e+00 -3.8534e-15  5.0188e-14
 2.2523e+00  0.0000e+00 6  4.3335e-14  1.3677e+00  8.7428e-15  4.2444e-14
 2.2124e+00  0.0000e+00 6  3.7668e-14  1.0817e+00  1.7696e-14  3.3253e-14
 2.1739e+00  0.0000e+00 6  3.3069e-14  7.9264e-01  2.3213e-14  2.3552e-14
 2.1368e+00  0.0000e+00 6  2.9259e-14  5.0473e-01  2.5610e-14  1.4149e-14
 2.1008e+00  0.0000e+00 6  2.6070e-14  2.1905e-01  2.5447e-14  5.6652e-15
 2.0661e+00  0.0000e+00 6  2.3334e-14 -6.2694e-02  2.3288e-14 -1.4619e-15
 2.0325e+00  0.0000e+00 6  2.0918e-14 -3.3974e-01  1.9723e-14 -6.9709e-15
 2.0000e+00  0.0000e+00 6  1.8731e-14 -6.1218e-01  1.5329e-14 -1.0764e-14
 1.9685e+00  0.0000e+00 6  1.6688e-14 -8.7954e-01  1.0639e-14 -1.2858e-14
