 5.0000e+01  0.0000e+00 1  0.0000e+00  0.0000e+00  0.0000e+00  0.0000e+00
 3.5714e+01  0.0000e+00 1  0.0000e+00  0.0000e+00  0.0000e+00  0.0000e+00
 2.7778e+01  0.0000e+00 1  0.0000e+00  0.0000e+00  0.0000e+00  0.0000e+00
 2.2727e+01  0.0000e+00 1  2.2304e+03 -1.8990e+00 -7.1895e+02 -2.1114e+03
 1.9231e+01  0.0000e+00 1  2.2581e+01 -2.0798e+00 -1.1004e+01 -1.9718e+01
 1.6667e+01  0.0000e+00 1  1.7120e+00 -1.6828e+00 -1.9129e-01 -1.7013e+00
 1.4706e+01  0.0000e+00 1  9.3463e-01 -1.5611e+00  9.0556e-03 -9.3459e-01
 1.3158e+01  0.0000e+00 1  6.6440e-01 -1.5483e+00  1.4959e-02 -6.6423e-01
 1.1905e+01  0.0000e+00 1  5.1271e-01 -1.5446e+00  1.3427e-02 -5.1253e-01
 1.0870e+01  0.0000e+00 1  4.0670e-01 -1.5386e+00  1.3089e-02 -4.0649e-01
 1.0000e+01  0.0000e+00 1  3.3023e-01 -1.5272e+00  1.4406e-02 -3.2991e-01
 9.2593e+00  0.0000e+00 1  2.7165e-01 -1.5078e+00  1.7090e-02 -2.7112e-01
 8.6207e+00  0.0000e+00 1  2.2420e-01 -1.4787e+00  2.0610e-02 -2.2325e-01
 8.0645e+00  0.0000e+00 1  1.8525e-01 -1.4393e+00  2.4286e-02 -1.8365e-01
 7.5758e+00  0.0000e+00 1  1.5120e-01 -1.3899e+00  2.7209e-02 -1.4873e-01
 7.1429e+00  0.0000e+00 1  1.2102e-01 -1.3333e+00  2.8473e-02 -1.1762e-01
 6.7568e+00  0.0000e+00 1  9.3823e-02 -1.2722e+00  2.7599e-02 -8.9672e-02
 6.4103e+00  0.0000e+00 1  6.8968e-02 -1.1912e+00  2.5556e-02 -6.4058e-02
 6.0976e+00  0.0000e+00 1  4.6321e-02 -1.0323e+00  2.3757e-02 -3.9765e-02
 5.8140e+00  0.0000e+00 1  2.8404e-02 -5.5004e-01  2.4215e-02 -1.4848e-02
 5.5556e+00  0.0000e+00 1  3.5603e-02  3.7542e-01  3.3123e-02  1.3054e-02
 5.3191e+00  0.0000e+00 1  7.9291e-02  4.3467e-01  7.1918e-02  3.3390e-02
 5.1020e+00  0.0000e+00 1  1.2475e-01 -1.2201e-01  1.2382e-01 -1.5183e-02
 4.9020e+00  0.0000e+00 1  9.9143e-02 -7.0033e-01  7.5808e-02 -6.3895e-02
 4.7170e+00  0.0000e+00 1  7.0262e-02 -1.0128e+00  3.7203e-02 -5.9605e-02
 4.5455e+00  0.0000e+00 1  5.1565e-02 -1.1782e+00  1.9726e-02 -4.7643e-02
 4.3860e+00  0.0000e+00 1  3.9526e-02 -1.3014e+00  1.0521e-02 -3.8100e-02
 4.2373e+00  0.0000e+00 1  3.1105e-02 -1.4136e+00  4.8707e-03 -3.0722e-02
 4.0984e+00  0.0000e+00 1  2.5176e-02 -1.5178e+00  1.3328e-03 -2.5140e-02
 3.9683e+00  0.0000e+00 1  2.0668e-02 -1.6261e+00 -1.1425e-03 -2.0636e-02
 3.8462e+00  0.0000e+00 1  1.7239e-02 -1.7359e+00 -2.8325e-03 -1.7004e-02
 3.7313e+00  0.0000e+00 1  1.4573e-02 -1.8475e+00 -3.9809e-03 -1.4018e-02
 3.6232e+00  0.0000e+00 1  1.2449e-02 -1.9628e+00 -4.7559e-03 -1.1505e-02
 3.5211e+00  0.0000e+00 1  1.0770e-02 -2.0754e+00 -5.2064e-03 -9.4279e-03
 3.4247e+00  0.0000e+00 1  9.3969e-03 -2.1892e+00 -5.4476e-03 -7.6567e-03
 3.3333e+00  0.0000e+00 1  8.2710e-03 -2.3001e+00 -5.5117e-03 -6.1669e-03
 3.2468e+00  0.0000e+00 1  7.3360e-03 -2.4072e+00 -5.4449e-03 -4.9162e-03
 5.0000e+01  0.0000e+00 2  0.0000e+00  0.0000e+00  0.0000e+00  0.0000e+00
 3.5714e+01  0.0000e+00 2  0.0000e+00  0.0000e+00  0.0000e+00  0.0000e+00
 2.7778e+01  0.0000e+00 2  0.0000e+00  0.0000e+00  0.0000e+00  0.0000e+00
 2.2727e+01  0.0000e+00 2  0.0000e+00  0.0000e+00  0.0000e+00  0.0000e+00
 1.9231e+01  0.0000e+00 2  0.0000e+00  0.0000e+00  0.0000e+00  0.0000e+00
 1.6667e+01  0.0000e+00 2  0.0000e+00  0.0000e+00  0.0000e+00  0.0000e+00
 1.4706e+01  0.0000e+00 2  0.0000e+00  0.0000e+00  0.0000e+00  0.0000e+00
 1.3158e+01  0.0000e+00 2  0.0000e+00  0.0000e+00  0.0000e+00  0.0000e+00
 1.1905e+01  0.0000e+00 2  0.0000e+00  0.0000e+00  0.0000e+00  0.0000e+00
 1.0870e+01  0.0000e+00 2  0.0000e+00  0.0000e+00  0.0000e+00  0.0000e+00
 1.0000e+01  0.0000e+00 2  0.0000e+00  0.0000e+00  0.0000e+00  0.0000e+00
 9.2593e+00  0.0000e+00 2  0.0000e+00  0.0000e+00  0.0000e+00  0.0000e+00
 8.6207e+00  0.0000e+00 2  0.0000e+00  0.0000e+00  0.0000e+00  0.0000e+00
 8.0645e+00  0.0000e+00 2  0.0000e+00  0.0000e+00  0.0000e+00  0.0000e+00
 7.5758e+00  0.0000e+00 2  0.0000e+00  0.0000e+00  0.0000e+00  0.0000e+00
 7.1429e+00  0.0000e+00 2  0.0000e+00  0.0000e+00  0.0000e+00  0.0000e+00
 6.7568e+00  0.0000e+00 2  0.0000e+00  0.0000e+00  0.0000e+00  0.0000e+00
 6.4103e+00  0.0000e+00 2  0.0000e+00  0.0000e+00  0.0000e+00  0.0000e+00
 6.0976e+00  0.0000e+00 2  0.0000e+00  0.0000e+00  0.0000e+00  0.0000e+00
 5.8140e+00  0.0000e+00 2  0.0000e+00  0.0000e+00  0.0000e+00  0.0000e+00
 5.5556e+00  0.0000e+00 2  0.0000e+00  0.0000e+00  0.0000e+00  0.0000e+00
 5.3191e+00  0.0000e+00 2  0.0000e+00  0.0000e+00  0.0000e+00  0.0000e+00
 5.1020e+00  0.0000e+00 2  0.0000e+00  0.0000e+00  0.0000e+00  0.0000e+00
 4.9020e+00  0.0000e+00 2  0.0000e+00  0.0000e+00  0.0000e+00  0.0000e+00
 4.7170e+00  0.0000e+00 2  0.0000e+00  0.0000e+00  0.0000e+00  0.0000e+00
 4.5455e+00  0.0000e+00 2  0.0000e+00  0.0000e+00  0.0000e+00  0.0000e+00
 4.3860e+00  0.0000e+00 2  0.0000e+00  0.0000e+00  0.0000e+00  0.0000e+00
 4.2373e+00  0.0000e+00 2  0.0000e+00  0.0000e+00  0.0000e+00  0.0000e+00
 4.0984e+00  0.0000e+00 2  0.0000e+00  0.0000e+00  0.0000e+00  0.0000e+00
 3.9683e+00  0.0000e+00 2  0.0000e+00  0.0000e+00  0.0000e+00  0.0000e+00
 3.8462e+00  0.0000e+00 2  0.0000e+00  0.0000e+00  0.0000e+00  0.0000e+00
 3.7313e+00  0.0000e+00 2  0.0000e+00  0.0000e+00  0.0000e+00  0.0000e+00
 3.6232e+00  0.0000e+00 2  0.0000e+00  0.0000e+00  0.0000e+00  0.0000e+00
 3.5211e+00  0.0000e+00 2  0.0000e+00  0.0000e+00  0.0000e+00  0.0000e+00
 3.4247e+00  0.0000e+00 2  0.0000e+00  0.0000e+00  0.0000e+00  0.0000e+00
 3.3333e+00  0.0000e+00 2  0.0000e+00  0.0000e+00  0.0000e+00  0.0000e+00
 3.2468e+00  0.0000e+00 2  0.0000e+00  0.0000e+00  0.0000e+00  0.0000e+00
 5.0000e+01  0.0000e+00 3  0.0000e+00  0.0000e+00  0.0000e+00  0.0000e+00
 3.5714e+01  0.0000e+00 3  0.0000e+00  0.0000e+00  0.0000e+00  0.0000e+00
 2.7778e+01  0.0000e+00 3  0.0000e+00  0.0000e+00  0.0000e+00  0.0000e+00
 2.2727e+01  0.0000e+00 3  5.0211e+01  2.5362e+00 -4.1289e+01  2.8573e+01
 1.9231e+01  0.0000e+00 3  3.1250e-04 -1.7774e+00 -6.4108e-05 -3.0586e-04
 1.6667e+01  0.0000e+00 3  5.0169e-05 -1.3487e+00  1.1050e-05 -4.8937e-05
 1.4706e+01  0.0000e+00 3  3.2477e-05 -1.5351e+00  1.1599e-06 -3.2456e-05
 1.3158e+01  0.0000e+00 3  2.0694e-05 -1.5402e+00  6.3221e-07 -2.0684e-05
 1.1905e+01  0.0000e+00 3  1.1728e-05 -1.5089e+00  7.2600e-07 -1.1705e-05
 1.0870e+01  0.0000e+00 3  4.0828e-06 -1.3937e+00  7.1947e-07 -4.0189e-06
 1.0000e+01  0.0000e+00 3  2.8280e-06  1.3983e+00  4.8552e-07  2.7861e-06
 9.2593e+00  0.0000e+00 3  9.0456e-06  1.5812e+00 -9.4119e-08  9.0451e-06
 8.6207e+00  0.0000e+00 3  1.4991e-05  1.6445e+00 -1.1033e-06  1.4950e-05
 8.0645e+00  0.0000e+00 3  2.0705e-05  1.7035e+00 -2.7392e-06  2.0523e-05
 7.5758e+00  0.0000e+00 3  2.6302e-05  1.7596e+00 -4.9362e-06  2.5835e-05
 7.1429e+00  0.0000e+00 3  3.1887e-05  1.8119e+00 -7.6148e-06  3.0965e-05
 6.7568e+00  0.0000e+00 3  3.7829e-05  1.8508e+00 -1.0453e-05  3.6356e-05
 6.4103e+00  0.0000e+00 3  4.4682e-05  1.8738e+00 -1.3332e-05  4.2647e-05
 6.0976e+00  0.0000e+00 3  5.4042e-05  1.8760e+00 -1.6241e-05  5.1543e-05
 5.8140e+00  0.0000e+00 3  6.8675e-05  1.8422e+00 -1.8413e-05  6.6161e-05
 5.5556e+00  0.0000e+00 3  9.7457e-05  1.7199e+00 -1.4477e-05  9.6376e-05
 5.3191e+00  0.0000e+00 3  1.5827e-04  1.2560e+00  4.9009e-05  1.5049e-04
 5.1020e+00  0.0000e+00 3  2.0933e-04  2.6151e-01  2.0221e-04  5.4119e-05
 4.9020e+00  0.0000e+00 3  1.1189e-04 -5.8415e-01  9.3333e-05 -6.1704e-05
 4.7170e+00  0.0000e+00 3  5.6475e-05 -1.0027e+00  3.0386e-05 -4.7604e-05
 4.5455e+00  0.0000e+00 3  3.3482e-05 -1.1847e+00  1.2608e-05 -3.1017e-05
 4.3860e+00  0.0000e+00 3  2.2161e-05 -1.3197e+00  5.5073e-06 -2.1466e-05
 4.2373e+00  0.0000e+00 3  1.5603e-05 -1.4476e+00  1.9174e-06 -1.5485e-05
 4.0984e+00  0.0000e+00 3  1.1687e-05 -1.5684e+00  2.8298e-08 -1.1687e-05
 3.9683e+00  0.0000e+00 3  9.0269e-06 -1.6965e+00 -1.1314e-06 -8.9557e-06
 3.8462e+00  0.0000e+00 3  7.2099e-06 -1.8250e+00 -1.8132e-06 -6.9782e-06
 3.7313e+00  0.0000e+00 3  5.9187e-06 -1.9526e+00 -2.2051e-06 -5.4926e-06
 3.6232e+00  0.0000e+00 3  4.9634e-06 -2.0797e+00 -2.4180e-06 -4.3345e-06
 3.5211e+00  0.0000e+00 3  4.2588e-06 -2.1962e+00 -2.4931e-06 -3.4529e-06
 3.4247e+00  0.0000e+00 3  3.7093e-06 -2.3068e+00 -2.4901e-06 -2.7492e-06
 3.3333e+00  0.0000e+00 3  3.2765e-06 -2.4058e+00 -2.4288e-06 -2.1991e-06
 3.2468e+00  0.0000e+00 3  2.9288e-06 -2.4923e+00 -2.3328e-06 -1.7708e-06
 5.0000e+01  0.0000e+00 4  0.0000e+00  0.0000e+00  0.0000e+00  0.0000e+00
 3.5714e+01  0.0000e+00 4  0.0000e+00  0.0000e+00  0.0000e+00  0.0000e+00
 2.7778e+01  0.0000e+00 4  0.0000e+00  0.0000e+00  0.0000e+00  0.0000e+00
 2.2727e+01  0.0000e+00 4  0.0000e+00  0.0000e+00  0.0000e+00  0.0000e+00
 1.9231e+01  0.0000e+00 4  0.0000e+00  0.0000e+00  0.0000e+00  0.0000e+00
 1.6667e+01  0.0000e+00 4  0.0000e+00  0.0000e+00  0.0000e+00  0.0000e+00
 1.4706e+01  0.0000e+00 4  0.0000e+00  0.0000e+00  0.0000e+00  0.0000e+00
 1.3158e+01  0.0000e+00 4  0.0000e+00 -0.0000e+00  0.0000e+00 -0.0000e+00
 1.1905e+01  0.0000e+00 4  0.0000e+00  0.0000e+00  0.0000e+00  0.0000e+00
 1.0870e+01  0.0000e+00 4  0.0000e+00  0.0000e+00  0.0000e+00  0.0000e+00
 1.0000e+01  0.0000e+00 4  0.0000e+00  0.0000e+00  0.0000e+00  0.0000e+00
 9.2593e+00  0.0000e+00 4  0.0000e+00  0.0000e+00  0.0000e+00  0.0000e+00
 8.6207e+00  0.0000e+00 4  0.0000e+00 -0.0000e+00  0.0000e+00 -0.0000e+00
 8.0645e+00  0.0000e+00 4  0.0000e+00  0.0000e+00  0.0000e+00  0.0000e+00
 7.5758e+00  0.0000e+00 4  0.0000e+00  0.0000e+00  0.0000e+00  0.0000e+00
 7.1429e+00  0.0000e+00 4  0.0000e+00  0.0000e+00  0.0000e+00  0.0000e+00
 6.7568e+00  0.0000e+00 4  0.0000e+00  0.0000e+00  0.0000e+00  0.0000e+00
 6.4103e+00  0.0000e+00 4  0.0000e+00 -0.0000e+00  0.0000e+00 -0.0000e+00
 6.0976e+00  0.0000e+00 4  0.0000e+00  0.0000e+00  0.0000e+00  0.0000e+00
 5.8140e+00  0.0000e+00 4  0.0000e+00  0.0000e+00  0.0000e+00  0.0000e+00
 5.5556e+00  0.0000e+00 4  0.0000e+00  0.0000e+00  0.0000e+00  0.0000e+00
 5.3191e+00  0.0000e+00 4  0.0000e+00  0.0000e+00  0.0000e+00  0.0000e+00
 5.1020e+00  0.0000e+00 4  0.0000e+00  0.0000e+00  0.0000e+00  0.0000e+00
 4.9020e+00  0.0000e+00 4  0.0000e+00  0.0000e+00  0.0000e+00  0.0000e+00
 4.7170e+00  0.0000e+00 4  0.0000e+00  0.0000e+00  0.0000e+00  0.0000e+00
 4.5455e+00  0.0000e+00 4  0.0000e+00  0.0000e+00  0.0000e+00  0.0000e+00
 4.3860e+00  0.0000e+00 4  0.0000e+00  0.0000e+00  0.0000e+00  0.0000e+00
 4.2373e+00  0.0000e+00 4  0.0000e+00  0.0000e+00  0.0000e+00  0.0000e+00
 4.0984e+00  0.0000e+00 4  0.0000e+00  0.0000e+00  0.0000e+00  0.0000e+00
 3.9683e+00  0.0000e+00 4  0.0000e+00  0.0000e+00  0.0000e+00  0.0000e+00
 3.8462e+00  0.0000e+00 4  0.0000e+00  0.0000e+00  0.0000e+00  0.0000e+00
 3.7313e+00  0.0000e+00 4  0.0000e+00  0.0000e+00  0.0000e+00  0.0000e+00
 3.6232e+00  0.0000e+00 4  0.0000e+00  0.0000e+00  0.0000e+00  0.0000e+00
 3.5211e+00  0.0000e+00 4  0.0000e+00  0.0000e+00  0.0000e+00  0.0000e+00
 3.4247e+00  0.0000e+00 4  0.0000e+00  0.0000e+00  0.0000e+00  0.0000e+00
 3.3333e+00  0.0000e+00 4  0.0000e+00  0.0000e+00  0.0000e+00  0.0000e+00
 3.2468e+00  0.0000e+00 4  0.0000e+00  0.0000e+00  0.0000e+00  0.0000e+00
 5.0000e+01  0.0000e+00 5  0.0000e+00  0.0000e+00  0.0000e+00  0.0000e+00
 3.5714e+01  0.0000e+00 5  0.0000e+00  0.0000e+00  0.0000e+00  0.0000e+00
 2.7778e+01  0.0000e+00 5  0.0000e+00  0.0000e+00  0.0000e+00  0.0000e+00
 2.2727e+01  0.0000e+00 5  1.5624e+00 -1.7737e+00 -3.1482e-01 -1.5304e+00
 1.9231e+01  0.0000e+00 5  4.7900e-03 -1.1813e+00  1.8190e-03 -4.4312e-03
 1.6667e+01  0.0000e+00 5  1.1533e-03 -1.2401e+00  3.7448e-04 -1.0908e-03
 1.4706e+01  0.0000e+00 5  8.0577e-04 -1.4628e+00  8.6876e-05 -8.0107e-04
 1.3158e+01  0.0000e+00 5  5.2321e-04 -1.5159e+00  2.8718e-05 -5.2242e-04
 1.1905e+01  0.0000e+00 5  2.9776e-04 -1.5251e+00  1.3616e-05 -2.9745e-04
 1.0870e+01  0.0000e+00 5  1.0299e-04 -1.4852e+00  8.7994e-06 -1.0261e-04
 1.0000e+01  0.0000e+00 5  7.0845e-05  1.4619e+00  7.6987e-06  7.0426e-05
 9.2593e+00  0.0000e+00 5  2.2989e-04  1.5473e+00  5.4078e-06  2.2982e-04
 8.6207e+00  0.0000e+00 5  3.8106e-04  1.5741e+00 -1.2626e-06  3.8106e-04
 8.0645e+00  0.0000e+00 5  5.2665e-04  1.6020e+00 -1.6430e-05  5.2640e-04
 7.5758e+00  0.0000e+00 5  6.6986e-04  1.6299e+00 -3.9579e-05  6.6869e-04
 7.1429e+00  0.0000e+00 5  8.1322e-04  1.6542e+00 -6.7729e-05  8.1040e-04
 6.7568e+00  0.0000e+00 5  9.6380e-04  1.6636e+00 -8.9320e-05  9.5965e-04
 6.4103e+00  0.0000e+00 5  1.1323e-03  1.6550e+00 -9.5247e-05  1.1282e-03
 6.0976e+00  0.0000e+00 5  1.3474e-03  1.6178e+00 -6.3305e-05  1.3459e-03
 5.8140e+00  0.0000e+00 5  1.6490e-03  1.5367e+00  5.6236e-05  1.6481e-03
 5.5556e+00  0.0000e+00 5  2.1408e-03  1.3634e+00  4.4088e-04  2.0949e-03
 5.3191e+00  0.0000e+00 5  2.8890e-03  9.4492e-01  1.6924e-03  2.3414e-03
 5.1020e+00  0.0000e+00 5  3.2883e-03  1.8638e-01  3.2314e-03  6.0932e-04
 4.9020e+00  0.0000e+00 5  2.0758e-03 -4.7147e-01  1.8493e-03 -9.4282e-04
 4.7170e+00  0.0000e+00 5  1.2300e-03 -8.5625e-01  8.0596e-04 -9.2910e-04
 4.5455e+00  0.0000e+00 5  7.8852e-04 -1.0693e+00  3.7910e-04 -6.9141e-04
 4.3860e+00  0.0000e+00 5  5.4331e-04 -1.2333e+00  1.7989e-04 -5.1267e-04
 4.2373e+00  0.0000e+00 5  3.9153e-04 -1.3850e+00  7.2312e-05 -3.8479e-04
 4.0984e+00  0.0000e+00 5  2.9675e-04 -1.5228e+00  1.4231e-05 -2.9641e-04
 3.9683e+00  0.0000e+00 5  2.3107e-04 -1.6646e+00 -2.1653e-05 -2.3005e-04
 3.8462e+00  0.0000e+00 5  1.8546e-04 -1.8038e+00 -4.2823e-05 -1.8045e-04
 3.7313e+00  0.0000e+00 5  1.5272e-04 -1.9397e+00 -5.5074e-05 -1.4244e-04
 3.6232e+00  0.0000e+00 5  1.2833e-04 -2.0737e+00 -6.1854e-05 -1.1244e-04
 3.5211e+00  0.0000e+00 5  1.1021e-04 -2.1955e+00 -6.4461e-05 -8.9393e-05
 3.4247e+00  0.0000e+00 5  9.6019e-05 -2.3106e+00 -6.4730e-05 -7.0920e-05
 3.3333e+00  0.0000e+00 5  8.4787e-05 -2.4131e+00 -6.3269e-05 -5.6444e-05
 3.2468e+00  0.0000e+00 5  7.5725e-05 -2.5025e+00 -6.0779e-05 -4.5169e-05
 5.0000e+01  0.0000e+00 6  0.0000e+00  0.0000e+00  0.0000e+00  0.0000e+00
 3.5714e+01  0.0000e+00 6  0.0000e+00  0.0000e+00  0.0000e+00  0.0000e+00
 2.7778e+01  0.0000e+00 6  0.0000e+00  0.0000e+00  0.0000e+00  0.0000e+00
 2.2727e+01  0.0000e+00 6  0.0000e+00  0.0000e+00  0.0000e+00  0.0000e+00
 1.9231e+01  0.0000e+00 6  0.0000e+00  0.0000e+00  0.0000e+00  0.0000e+00
 1.6667e+01  0.0000e+00 6  0.0000e+00  0.0000e+00  0.0000e+00  0.0000e+00
 1.4706e+01  0.0000e+00 6  0.0000e+00  0.0000e+00  0.0000e+00  0.0000e+00
 1.3158e+01  0.0000e+00 6  0.0000e+00  0.0000e+00  0.0000e+00  0.0000e+00
 1.1905e+01  0.0000e+00 6  0.0000e+00  0.0000e+00  0.0000e+00  0.0000e+00
 1.0870e+01  0.0000e+00 6  0.0000e+00  0.0000e+00  0.0000e+00  0.0000e+00
 1.0000e+01  0.0000e+00 6  0.0000e+00  0.0000e+00  0.0000e+00  0.0000e+00
 9.2593e+00  0.0000e+00 6  0.0000e+00  0.0000e+00  0.0000e+00  0.0000e+00
 8.6207e+00  0.0000e+00 6  0.0000e+00 -0.0000e+00  0.0000e+00 -0.0000e+00
 8.0645e+00  0.0000e+00 6  0.0000e+00  0.0000e+00  0.0000e+00  0.0000e+00
 7.5758e+00  0.0000e+00 6  0.0000e+00  0.0000e+00  0.0000e+00  0.0000e+00
 7.1429e+00  0.0000e+00 6  0.0000e+00  0.0000e+00  0.0000e+00  0.0000e+00
 6.7568e+00  0.0000e+00 6  0.0000e+00  0.0000e+00  0.0000e+00  0.0000e+00
 6.4103e+00  0.0000e+00 6  0.0000e+00 -0.0000e+00  0.0000e+00 -0.0000e+00
 6.0976e+00  0.0000e+00 6  0.0000e+00  0.0000e+00  0.0000e+00  0.0000e+00
 5.8140e+00  0.0000e+00 6  0.0000e+00  0.0000e+00  0.0000e+00  0.0000e+00
 5.5556e+00  0.0000e+00 6  0.0000e+00  0.0000e+00  0.0000e+00  0.0000e+00
 5.3191e+00  0.0000e+00 6  0.0000e+00  0.0000e+00  0.0000e+00  0.0000e+00
 5.1020e+00  0.0000e+00 6  0.0000e+00  0.0000e+00  0.0000e+00  0.0000e+00
 4.9020e+00  0.0000e+00 6  0.0000e+00  0.0000e+00  0.0000e+00  0.0000e+00
 4.7170e+00  0.0000e+00 6  0.0000e+00  0.0000e+00  0.0000e+00  0.0000e+00
 4.5455e+00  0.0000e+00 6  0.0000e+00  0.0000e+00  0.0000e+00  0.0000e+00
 4.3860e+00  0.0000e+00 6  0.0000e+00  0.0000e+00  0.0000e+00  0.0000e+00
 4.2373e+00  0.0000e+00 6  0.0000e+00  0.0000e+00  0.0000e+00  0.0000e+00
 4.0984e+00  0.0000e+00 6  0.0000e+00  0.0000e+00  0.0000e+00  0.0000e+00
 3.9683e+00  0.0000e+00 6  0.0000e+00  0.0000e+00  0.0000e+00  0.0000e+00
 3.8462e+00  0.0000e+00 6  0.0000e+00  0.0000e+00  0.0000e+00  0.0000e+00
 3.7313e+00  0.0000e+00 6  0.0000e+00  0.0000e+00  0.0000e+00  0.0000e+00
 3.6232e+00  0.0000e+00 6  0.0000e+00 -0.0000e+00  0.0000e+00 -0.0000e+00
 3.5211e+00  0.0000e+00 6  0.0000e+00  0.0000e+00  0.0000e+00  0.0000e+00
 3.4247e+00  0.0000e+00 6  0.0000e+00  0.0000e+00  0.0000e+00  0.0000e+00
 3.3333e+00  0.0000e+00 6  0.0000e+00  0.0000e+00  0.0000e+00  0.0000e+00
 3.2468e+00  0.0000e+00 6  0.0000e+00  0.0000e+00  0.0000e+00  0.0000e+00
