 5.0000e+01  0.0000e+00 1  0.0000e+00  0.0000e+00  0.0000e+00  0.0000e+00
 3.5714e+01  0.0000e+00 1  0.0000e+00  0.0000e+00  0.0000e+00  0.0000e+00
 2.7778e+01  0.0000e+00 1  0.0000e+00  0.0000e+00  0.0000e+00  0.0000e+00
 2.2727e+01  0.0000e+00 1  0.0000e+00  0.0000e+00  0.0000e+00  0.0000e+00
 1.9231e+01  0.0000e+00 1  8.8168e+02 -2.4158e+00 -6.5944e+02 -5.8523e+02
 1.6667e+01  0.0000e+00 1  5.3572e+00 -2.3319e+00 -3.6950e+00 -3.8789e+00
 1.4706e+01  0.0000e+00 1  8.3408e-01 -1.7869e+00 -1.7889e-01 -8.1467e-01
 1.3158e+01  0.0000e+00 1  5.8383e-01 -1.7070e+00 -7.9252e-02 -5.7843e-01
 1.1905e+01  0.0000e+00 1  4.6511e-01 -1.7182e+00 -6.8321e-02 -4.6007e-01
 1.0870e+01  0.0000e+00 1  3.7948e-01 -1.7397e+00 -6.3806e-02 -3.7407e-01
 1.0000e+01  0.0000e+00 1  3.1511e-01 -1.7616e+00 -5.9754e-02 -3.0939e-01
 9.2593e+00  0.0000e+00 1  2.6437e-01 -1.7793e+00 -5.4727e-02 -2.5865e-01
 8.6207e+00  0.0000e+00 1  2.2258e-01 -1.7915e+00 -4.8724e-02 -2.1718e-01
 8.0645e+00  0.0000e+00 1  1.8803e-01 -1.7960e+00 -4.1983e-02 -1.8328e-01
 7.5758e+00  0.0000e+00 1  1.5786e-01 -1.7958e+00 -3.5222e-02 -1.5388e-01
 7.1429e+00  0.0000e+00 1  1.3134e-01 -1.7949e+00 -2.9183e-02 -1.2805e-01
 6.7568e+00  0.0000e+00 1  1.0788e-01 -1.8008e+00 -2.4593e-02 -1.0504e-01
 6.4103e+00  0.0000e+00 1  8.7042e-02 -1.8137e+00 -2.0937e-02 -8.4487e-02
 6.0976e+00  0.0000e+00 1  6.8892e-02 -1.8267e+00 -1.7438e-02 -6.6649e-02
 5.8140e+00  0.0000e+00 1  5.2746e-02 -1.8343e+00 -1.3737e-02 -5.0926e-02
 5.5556e+00  0.0000e+00 1  3.8531e-02 -1.8145e+00 -9.2963e-03 -3.7393e-02
 5.3191e+00  0.0000e+00 1  2.6415e-02 -1.6897e+00 -3.1325e-03 -2.6228e-02
 5.1020e+00  0.0000e+00 1  1.9159e-02 -1.2551e+00  5.9478e-03 -1.8212e-02
 4.9020e+00  0.0000e+00 1  2.7954e-02 -7.7922e-01  1.9889e-02 -1.9644e-02
 4.7170e+00  0.0000e+00 1  4.7443e-02 -9.8034e-01  2.6413e-02 -3.9410e-02
 4.5455e+00  0.0000e+00 1  5.4711e-02 -1.5644e+00  3.5103e-04 -5.4710e-02
 4.3860e+00  0.0000e+00 1  4.4857e-02 -2.0289e+00 -1.9838e-02 -4.0232e-02
 4.2373e+00  0.0000e+00 1  3.4231e-02 -2.3485e+00 -2.4018e-02 -2.4390e-02
 4.0984e+00  0.0000e+00 1  2.6645e-02 -2.5674e+00 -2.2373e-02 -1.4472e-02
 3.9683e+00  0.0000e+00 1  2.1166e-02 -2.7632e+00 -1.9669e-02 -7.8189e-03
 3.8462e+00  0.0000e+00 1  1.7099e-02 -2.9404e+00 -1.6754e-02 -3.4177e-03
 3.7313e+00  0.0000e+00 1  1.3952e-02 -3.1084e+00 -1.3944e-02 -4.6346e-04
 3.6232e+00  0.0000e+00 1  1.1444e-02  3.0088e+00 -1.1343e-02  1.5148e-03
 3.5211e+00  0.0000e+00 1  9.3997e-03  2.8537e+00 -9.0129e-03  2.6688e-03
 3.4247e+00  0.0000e+00 1  7.7007e-03  2.7008e+00 -6.9647e-03  3.2854e-03
 3.3333e+00  0.0000e+00 1  6.2414e-03  2.5526e+00 -5.1897e-03  3.4673e-03
 3.2468e+00  0.0000e+00 1  4.9916e-03  2.4119e+00 -3.7207e-03  3.3275e-03
 5.0000e+01  0.0000e+00 2  0.0000e+00  0.0000e+00  0.0000e+00  0.0000e+00
 3.5714e+01  0.0000e+00 2  0.0000e+00  0.0000e+00  0.0000e+00  0.0000e+00
 2.7778e+01  0.0000e+00 2  0.0000e+00  0.0000e+00  0.0000e+00  0.0000e+00
 2.2727e+01  0.0000e+00 2  0.0000e+00  0.0000e+00  0.0000e+00  0.0000e+00
 1.9231e+01  0.0000e+00 2  0.0000e+00  0.0000e+00  0.0000e+00  0.0000e+00
 1.6667e+01  0.0000e+00 2  0.0000e+00  0.0000e+00  0.0000e+00  0.0000e+00
 1.4706e+01  0.0000e+00 2  0.0000e+00  0.0000e+00  0.0000e+00  0.0000e+00
 1.3158e+01  0.0000e+00 2  0.0000e+00  0.0000e+00  0.0000e+00  0.0000e+00
 1.1905e+01  0.0000e+00 2  0.0000e+00  0.0000e+00  0.0000e+00  0.0000e+00
 1.0870e+01  0.0000e+00 2  0.0000e+00  0.0000e+00  0.0000e+00  0.0000e+00
 1.0000e+01  0.0000e+00 2  0.0000e+00  0.0000e+00  0.0000e+00  0.0000e+00
 9.2593e+00  0.0000e+00 2  0.0000e+00  0.0000e+00  0.0000e+00  0.0000e+00
 8.6207e+00  0.0000e+00 2  0.0000e+00  0.0000e+00  0.0000e+00  0.0000e+00
 8.0645e+00  0.0000e+00 2  0.0000e+00  0.0000e+00  0.0000e+00  0.0000e+00
 7.5758e+00  0.0000e+00 2  0.0000e+00  0.0000e+00  0.0000e+00  0.0000e+00
 7.1429e+00  0.0000e+00 2  0.0000e+00  0.0000e+00  0.0000e+00  0.0000e+00
 6.7568e+00  0.0000e+00 2  0.0000e+00  0.0000e+00  0.0000e+00  0.0000e+00
 6.4103e+00  0.0000e+00 2  0.0000e+00  0.0000e+00  0.0000e+00  0.0000e+00
 6.0976e+00  0.0000e+00 2  0.0000e+00  0.0000e+00  0.0000e+00  0.0000e+00
 5.8140e+00  0.0000e+00 2  0.0000e+00  0.0000e+00  0.0000e+00  0.0000e+00
 5.5556e+00  0.0000e+00 2  0.0000e+00  0.0000e+00  0.0000e+00  0.0000e+00
 5.3191e+00  0.0000e+00 2  0.0000e+00  0.0000e+00  0.0000e+00  0.0000e+00
 5.1020e+00  0.0000e+00 2  0.0000e+00  0.0000e+00  0.0000e+00  0.0000e+00
 4.9020e+00  0.0000e+00 2  0.0000e+00  0.0000e+00  0.0000e+00  0.0000e+00
 4.7170e+00  0.0000e+00 2  0.0000e+00  0.0000e+00  0.0000e+00  0.0000e+00
 4.5455e+00  0.0000e+00 2  0.0000e+00  0.0000e+00  0.0000e+00  0.0000e+00
 4.3860e+00  0.0000e+00 2  0.0000e+00  0.0000e+00  0.0000e+00  0.0000e+00
 4.2373e+00  0.0000e+00 2  0.0000e+00  0.0000e+00  0.0000e+00  0.0000e+00
 4.0984e+00  0.0000e+00 2  0.0000e+00  0.0000e+00  0.0000e+00  0.0000e+00
 3.9683e+00  0.0000e+00 2  0.0000e+00  0.0000e+00  0.0000e+00  0.0000e+00
 3.8462e+00  0.0000e+00 2  0.0000e+00  0.0000e+00  0.0000e+00  0.0000e+00
 3.7313e+00  0.0000e+00 2  0.0000e+00  0.0000e+00  0.0000e+00  0.0000e+00
 3.6232e+00  0.0000e+00 2  0.0000e+00  0.0000e+00  0.0000e+00  0.0000e+00
 3.5211e+00  0.0000e+00 2  0.0000e+00  0.0000e+00  0.0000e+00  0.0000e+00
 3.4247e+00  0.0000e+00 2  0.0000e+00  0.0000e+00  0.0000e+00  0.0000e+00
 3.3333e+00  0.0000e+00 2  0.0000e+00  0.0000e+00  0.0000e+00  0.0000e+00
 3.2468e+00  0.0000e+00 2  0.0000e+00  0.0000e+00  0.0000e+00  0.0000e+00
 5.0000e+01  0.0000e+00 3  0.0000e+00  0.0000e+00  0.0000e+00  0.0000e+00
 3.5714e+01  0.0000e+00 3  0.0000e+00  0.0000e+00  0.0000e+00  0.0000e+00
 2.7778e+01  0.0000e+00 3  0.0000e+00  0.0000e+00  0.0000e+00  0.0000e+00
 2.2727e+01  0.0000e+00 3  0.0000e+00  0.0000e+00  0.0000e+00  0.0000e+00
 1.9231e+01  0.0000e+00 3  1.6344e+01  8.6496e-01  1.0602e+01  1.2439e+01
 1.6667e+01  0.0000e+00 3  5.7811e-02  5.9638e-01  4.7831e-02  3.2470e-02
 1.4706e+01  0.0000e+00 3  2.5770e-03 -2.0213e-02  2.5765e-03 -5.2086e-05
 1.3158e+01  0.0000e+00 3  8.9254e-04 -1.1504e+00  3.6424e-04 -8.1483e-04
 1.1905e+01  0.0000e+00 3  4.5500e-04 -1.4583e+00  5.1067e-05 -4.5213e-04
 1.0870e+01  0.0000e+00 3  2.0747e-05  1.3374e+00  4.7983e-06  2.0184e-05
 1.0000e+01  0.0000e+00 3  5.1726e-04  1.4312e+00  7.1968e-05  5.1222e-04
 9.2593e+00  0.0000e+00 3  1.0115e-03  1.3803e+00  1.9150e-04  9.9320e-04
 8.6207e+00  0.0000e+00 3  1.4928e-03  1.3435e+00  3.3636e-04  1.4544e-03
 8.0645e+00  0.0000e+00 3  1.9484e-03  1.3154e+00  4.9220e-04  1.8852e-03
 7.5758e+00  0.0000e+00 3  2.3746e-03  1.2930e+00  6.5112e-04  2.2836e-03
 7.1429e+00  0.0000e+00 3  2.7650e-03  1.2692e+00  8.2131e-04  2.6402e-03
 6.7568e+00  0.0000e+00 3  3.1247e-03  1.2337e+00  1.0334e-03  2.9489e-03
 6.4103e+00  0.0000e+00 3  3.4699e-03  1.1855e+00  1.3042e-03  3.2155e-03
 6.0976e+00  0.0000e+00 3  3.8199e-03  1.1202e+00  1.6635e-03  3.4387e-03
 5.8140e+00  0.0000e+00 3  4.2100e-03  1.0362e+00  2.1451e-03  3.6225e-03
 5.5556e+00  0.0000e+00 3  4.6989e-03  9.2328e-01  2.8344e-03  3.7477e-03
 5.3191e+00  0.0000e+00 3  5.3901e-03  7.6557e-01  3.8861e-03  3.7350e-03
 5.1020e+00  0.0000e+00 3  6.4429e-03  5.4945e-01  5.4946e-03  3.3646e-03
 4.9020e+00  0.0000e+00 3  8.0697e-03  1.7382e-01  7.9481e-03  1.3957e-03
 4.7170e+00  0.0000e+00 3  9.5436e-03 -4.1458e-01  8.7351e-03 -3.8442e-03
 4.5455e+00  0.0000e+00 3  8.2658e-03 -1.1734e+00  3.1994e-03 -7.6215e-03
 4.3860e+00  0.0000e+00 3  5.5572e-03 -1.7269e+00 -8.6392e-04 -5.4897e-03
 4.2373e+00  0.0000e+00 3  3.6235e-03 -2.0982e+00 -1.8236e-03 -3.1312e-03
 4.0984e+00  0.0000e+00 3  2.5281e-03 -2.3302e+00 -1.7406e-03 -1.8335e-03
 3.9683e+00  0.0000e+00 3  1.8373e-03 -2.5245e+00 -1.4984e-03 -1.0632e-03
 3.8462e+00  0.0000e+00 3  1.3875e-03 -2.6803e+00 -1.2425e-03 -6.1756e-04
 3.7313e+00  0.0000e+00 3  1.0755e-03 -2.8096e+00 -1.0167e-03 -3.5056e-04
 3.6232e+00  0.0000e+00 3  8.4928e-04 -2.9187e+00 -8.2827e-04 -1.8777e-04
 3.5211e+00  0.0000e+00 3  6.8452e-04 -2.9973e+00 -6.7740e-04 -9.8445e-05
 3.4247e+00  0.0000e+00 3  5.6138e-04 -3.0529e+00 -5.5918e-04 -4.9702e-05
 3.3333e+00  0.0000e+00 3  4.6621e-04 -3.0827e+00 -4.6540e-04 -2.7444e-05
 3.2468e+00  0.0000e+00 3  3.9628e-04 -3.0877e+00 -3.9570e-04 -2.1345e-05
 5.0000e+01  0.0000e+00 4  0.0000e+00  0.0000e+00  0.0000e+00  0.0000e+00
 3.5714e+01  0.0000e+00 4  0.0000e+00  0.0000e+00  0.0000e+00  0.0000e+00
 2.7778e+01  0.0000e+00 4  0.0000e+00  0.0000e+00  0.0000e+00  0.0000e+00
 2.2727e+01  0.0000e+00 4  0.0000e+00  0.0000e+00  0.0000e+00  0.0000e+00
 1.9231e+01  0.0000e+00 4  0.0000e+00  0.0000e+00  0.0000e+00  0.0000e+00
 1.6667e+01  0.0000e+00 4  0.0000e+00  0.0000e+00  0.0000e+00  0.0000e+00
 1.4706e+01  0.0000e+00 4  0.0000e+00  0.0000e+00  0.0000e+00  0.0000e+00
 1.3158e+01  0.0000e+00 4  0.0000e+00 -0.0000e+00  0.0000e+00 -0.0000e+00
 1.1905e+01  0.0000e+00 4  0.0000e+00  0.0000e+00  0.0000e+00  0.0000e+00
 1.0870e+01  0.0000e+00 4  0.0000e+00  0.0000e+00  0.0000e+00  0.0000e+00
 1.0000e+01  0.0000e+00 4  0.0000e+00  0.0000e+00  0.0000e+00  0.0000e+00
 9.2593e+00  0.0000e+00 4  0.0000e+00  0.0000e+00  0.0000e+00  0.0000e+00
 8.6207e+00  0.0000e+00 4  0.0000e+00 -0.0000e+00  0.0000e+00 -0.0000e+00
 8.0645e+00  0.0000e+00 4  0.0000e+00  0.0000e+00  0.0000e+00  0.0000e+00
 7.5758e+00  0.0000e+00 4  0.0000e+00  0.0000e+00  0.0000e+00  0.0000e+00
 7.1429e+00  0.0000e+00 4  0.0000e+00  0.0000e+00  0.0000e+00  0.0000e+00
 6.7568e+00  0.0000e+00 4  0.0000e+00  0.0000e+00  0.0000e+00  0.0000e+00
 6.4103e+00  0.0000e+00 4  0.0000e+00 -0.0000e+00  0.0000e+00 -0.0000e+00
 6.0976e+00  0.0000e+00 4  0.0000e+00  0.0000e+00  0.0000e+00  0.0000e+00
 5.8140e+00  0.0000e+00 4  0.0000e+00  0.0000e+00  0.0000e+00  0.0000e+00
 5.5556e+00  0.0000e+00 4  0.0000e+00  0.0000e+00  0.0000e+00  0.0000e+00
 5.3191e+00  0.0000e+00 4  0.0000e+00  0.0000e+00  0.0000e+00  0.0000e+00
 5.1020e+00  0.0000e+00 4  0.0000e+00  0.0000e+00  0.0000e+00  0.0000e+00
 4.9020e+00  0.0000e+00 4  0.0000e+00  0.0000e+00  0.0000e+00  0.0000e+00
 4.7170e+00  0.0000e+00 4  0.0000e+00  0.0000e+00  0.0000e+00  0.0000e+00
 4.5455e+00  0.0000e+00 4  0.0000e+00  0.0000e+00  0.0000e+00  0.0000e+00
 4.3860e+00  0.0000e+00 4  0.0000e+00  0.0000e+00  0.0000e+00  0.0000e+00
 4.2373e+00  0.0000e+00 4  0.0000e+00  0.0000e+00  0.0000e+00  0.0000e+00
 4.0984e+00  0.0000e+00 4  0.0000e+00  0.0000e+00  0.0000e+00  0.0000e+00
 3.9683e+00  0.0000e+00 4  0.0000e+00  0.0000e+00  0.0000e+00  0.0000e+00
 3.8462e+00  0.0000e+00 4  0.0000e+00  0.0000e+00  0.0000e+00  0.0000e+00
 3.7313e+00  0.0000e+00 4  0.0000e+00  0.0000e+00  0.0000e+00  0.0000e+00
 3.6232e+00  0.0000e+00 4  0.0000e+00  0.0000e+00  0.0000e+00  0.0000e+00
 3.5211e+00  0.0000e+00 4  0.0000e+00  0.0000e+00  0.0000e+00  0.0000e+00
 3.4247e+00  0.0000e+00 4  0.0000e+00  0.0000e+00  0.0000e+00  0.0000e+00
 3.3333e+00  0.0000e+00 4  0.0000e+00  0.0000e+00  0.0000e+00  0.0000e+00
 3.2468e+00  0.0000e+00 4  0.0000e+00  0.0000e+00  0.0000e+00  0.0000e+00
 5.0000e+01  0.0000e+00 5  0.0000e+00  0.0000e+00  0.0000e+00  0.0000e+00
 3.5714e+01  0.0000e+00 5  0.0000e+00  0.0000e+00  0.0000e+00  0.0000e+00
 2.7778e+01  0.0000e+00 5  0.0000e+00  0.0000e+00  0.0000e+00  0.0000e+00
 2.2727e+01  0.0000e+00 5  0.0000e+00  0.0000e+00  0.0000e+00  0.0000e+00
 1.9231e+01  0.0000e+00 5  1.1666e+00  6.5219e-01  9.2718e-01  7.0806e-01
 1.6667e+01  0.0000e+00 5  1.0327e-02  5.7469e-01  8.6683e-03  5.6137e-03
 1.4706e+01  0.0000e+00 5  4.7401e-04 -2.0328e-02  4.7391e-04 -9.6348e-06
 1.3158e+01  0.0000e+00 5  1.6433e-04 -1.1506e+00  6.7037e-05 -1.5004e-04
 1.1905e+01  0.0000e+00 5  8.3807e-05 -1.4580e+00  9.4335e-06 -8.3275e-05
 1.0870e+01  0.0000e+00 5  3.8168e-06  1.3226e+00  9.3775e-07  3.6998e-06
 1.0000e+01  0.0000e+00 5  9.5247e-05  1.4305e+00  1.3321e-05  9.4311e-05
 9.2593e+00  0.0000e+00 5  1.8626e-04  1.3798e+00  3.5353e-05  1.8288e-04
 8.6207e+00  0.0000e+00 5  2.7489e-04  1.3431e+00  6.2063e-05  2.6779e-04
 8.0645e+00  0.0000e+00 5  3.5876e-04  1.3149e+00  9.0811e-05  3.4707e-04
 7.5758e+00  0.0000e+00 5  4.3722e-04  1.2924e+00  1.2014e-04  4.2039e-04
 7.1429e+00  0.0000e+00 5  5.0908e-04  1.2685e+00  1.5154e-04  4.8601e-04
 6.7568e+00  0.0000e+00 5  5.7527e-04  1.2330e+00  1.9065e-04  5.4275e-04
 6.4103e+00  0.0000e+00 5  6.3878e-04  1.1847e+00  2.4057e-04  5.9175e-04
 6.0976e+00  0.0000e+00 5  7.0313e-04  1.1193e+00  3.0675e-04  6.3269e-04
 5.8140e+00  0.0000e+00 5  7.7483e-04  1.0352e+00  3.9541e-04  6.6635e-04
 5.5556e+00  0.0000e+00 5  8.6465e-04  9.2233e-01  5.2222e-04  6.8913e-04
 5.3191e+00  0.0000e+00 5  9.9156e-04  7.6463e-01  7.1554e-04  6.8643e-04
 5.1020e+00  0.0000e+00 5  1.1847e-03  5.4859e-01  1.0109e-03  6.1783e-04
 4.9020e+00  0.0000e+00 5  1.4830e-03  1.7349e-01  1.4607e-03  2.5600e-04
 4.7170e+00  0.0000e+00 5  1.7536e-03 -4.1374e-01  1.6056e-03 -7.0500e-04
 4.5455e+00  0.0000e+00 5  1.5207e-03 -1.1716e+00  5.9107e-04 -1.4012e-03
 4.3860e+00  0.0000e+00 5  1.0234e-03 -1.7256e+00 -1.5775e-04 -1.0111e-03
 4.2373e+00  0.0000e+00 5  6.6746e-04 -2.0975e+00 -3.3550e-04 -5.7701e-04
 4.0984e+00  0.0000e+00 5  4.6566e-04 -2.3298e+00 -3.2046e-04 -3.3785e-04
 3.9683e+00  0.0000e+00 5  3.3839e-04 -2.5243e+00 -2.7593e-04 -1.9588e-04
 3.8462e+00  0.0000e+00 5  2.5553e-04 -2.6802e+00 -2.2881e-04 -1.1375e-04
 3.7313e+00  0.0000e+00 5  1.9804e-04 -2.8095e+00 -1.8722e-04 -6.4558e-05
 3.6232e+00  0.0000e+00 5  1.5638e-04 -2.9187e+00 -1.5251e-04 -3.4571e-05
 3.5211e+00  0.0000e+00 5  1.2603e-04 -2.9973e+00 -1.2472e-04 -1.8120e-05
 3.4247e+00  0.0000e+00 5  1.0336e-04 -3.0530e+00 -1.0295e-04 -9.1446e-06
 3.3333e+00  0.0000e+00 5  8.5827e-05 -3.0827e+00 -8.5679e-05 -5.0477e-06
 3.2468e+00  0.0000e+00 5  7.2950e-05 -3.0877e+00 -7.2844e-05 -3.9264e-06
 5.0000e+01  0.0000e+00 6  0.0000e+00  0.0000e+00  0.0000e+00  0.0000e+00
 3.5714e+01  0.0000e+00 6  0.0000e+00  0.0000e+00  0.0000e+00  0.0000e+00
 2.7778e+01  0.0000e+00 6  0.0000e+00  0.0000e+00  0.0000e+00  0.0000e+00
 2.2727e+01  0.0000e+00 6  0.0000e+00  0.0000e+00  0.0000e+00  0.0000e+00
 1.9231e+01  0.0000e+00 6  0.0000e+00  0.0000e+00  0.0000e+00  0.0000e+00
 1.6667e+01  0.0000e+00 6  0.0000e+00  0.0000e+00  0.0000e+00  0.0000e+00
 1.4706e+01  0.0000e+00 6  0.0000e+00  0.0000e+00  0.0000e+00  0.0000e+00
 1.3158e+01  0.0000e+00 6  0.0000e+00  0.0000e+00  0.0000e+00  0.0000e+00
 1.1905e+01  0.0000e+00 6  0.0000e+00  0.0000e+00  0.0000e+00  0.0000e+00
 1.0870e+01  0.0000e+00 6  0.0000e+00  0.0000e+00  0.0000e+00  0.0000e+00
 1.0000e+01  0.0000e+00 6  0.0000e+00  0.0000e+00  0.0000e+00  0.0000e+00
 9.2593e+00  0.0000e+00 6  0.0000e+00  0.0000e+00  0.0000e+00  0.0000e+00
 8.6207e+00  0.0000e+00 6  0.0000e+00  0.0000e+00  0.0000e+00  0.0000e+00
 8.0645e+00  0.0000e+00 6  0.0000e+00  0.0000e+00  0.0000e+00  0.0000e+00
 7.5758e+00  0.0000e+00 6  0.0000e+00  0.0000e+00  0.0000e+00  0.0000e+00
 7.1429e+00  0.0000e+00 6  0.0000e+00  0.0000e+00  0.0000e+00  0.0000e+00
 6.7568e+00  0.0000e+00 6  0.0000e+00  0.0000e+00  0.0000e+00  0.0000e+00
 6.4103e+00  0.0000e+00 6  0.0000e+00  0.0000e+00  0.0000e+00  0.0000e+00
 6.0976e+00  0.0000e+00 6  0.0000e+00  0.0000e+00  0.0000e+00  0.0000e+00
 5.8140e+00  0.0000e+00 6  0.0000e+00  0.0000e+00  0.0000e+00  0.0000e+00
 5.5556e+00  0.0000e+00 6  0.0000e+00  0.0000e+00  0.0000e+00  0.0000e+00
 5.3191e+00  0.0000e+00 6  0.0000e+00  0.0000e+00  0.0000e+00  0.0000e+00
 5.1020e+00  0.0000e+00 6  0.0000e+00  0.0000e+00  0.0000e+00  0.0000e+00
 4.9020e+00  0.0000e+00 6  0.0000e+00  0.0000e+00  0.0000e+00  0.0000e+00
 4.7170e+00  0.0000e+00 6  0.0000e+00  0.0000e+00  0.0000e+00  0.0000e+00
 4.5455e+00  0.0000e+00 6  0.0000e+00  0.0000e+00  0.0000e+00  0.0000e+00
 4.3860e+00  0.0000e+00 6  0.0000e+00  0.0000e+00  0.0000e+00  0.0000e+00
 4.2373e+00  0.0000e+00 6  0.0000e+00  0.0000e+00  0.0000e+00  0.0000e+00
 4.0984e+00  0.0000e+00 6  0.0000e+00  0.0000e+00  0.0000e+00  0.0000e+00
 3.9683e+00  0.0000e+00 6  0.0000e+00  0.0000e+00  0.0000e+00  0.0000e+00
 3.8462e+00  0.0000e+00 6  0.0000e+00  0.0000e+00  0.0000e+00  0.0000e+00
 3.7313e+00  0.0000e+00 6  0.0000e+00  0.0000e+00  0.0000e+00  0.0000e+00
 3.6232e+00  0.0000e+00 6  0.0000e+00  0.0000e+00  0.0000e+00  0.0000e+00
 3.5211e+00  0.0000e+00 6  0.0000e+00  0.0000e+00  0.0000e+00  0.0000e+00
 3.4247e+00  0.0000e+00 6  0.0000e+00  0.0000e+00  0.0000e+00  0.0000e+00
 3.3333e+00  0.0000e+00 6  0.0000e+00  0.0000e+00  0.0000e+00  0.0000e+00
 3.2468e+00  0.0000e+00 6  0.0000e+00  0.0000e+00  0.0000e+00  0.0000e+00
